lamA thr
3500.0 0.37561122307418915
3510.0 0.38029295412869674
3520.0 0.38497468518320443
3530.0 0.389656416237712
3540.0 0.39433814729221967
3550.0 0.3990198783467273
3560.0 0.4037016094012349
3570.0 0.40838334045574254
3580.0 0.4130605100690737
3590.0 0.41762528109341546
3600.0 0.42219005211775723
3610.0 0.426754823142099
3620.0 0.4313195941664408
3630.0 0.43588436519078255
3640.0 0.4404491362151243
3650.0 0.44501390723946616
3660.0 0.4495291475573668
3670.0 0.4540324660923275
3680.0 0.4585357846272882
3690.0 0.46303910316224894
3700.0 0.46754242169720966
3710.0 0.4720457402321704
3720.0 0.47654905876713105
3730.0 0.48105237730209177
3740.0 0.4855556958370525
3750.0 0.4900590143720132
3760.0 0.49456233290697404
3770.0 0.4988831589317636
3780.0 0.5028767218517213
3790.0 0.5068702847716787
3800.0 0.5108638476916363
3810.0 0.514857410611594
3820.0 0.5188509735315515
3830.0 0.5228445364515091
3840.0 0.5268380993714668
3850.0 0.5308316622914243
3860.0 0.5348252252113819
3870.0 0.5388187881313394
3880.0 0.5428123510512971
3890.0 0.5464523891323223
3900.0 0.5493128596198045
3910.0 0.5521733301072865
3920.0 0.5550338005947687
3930.0 0.5578942710822508
3940.0 0.5607547415697329
3950.0 0.563615212057215
3960.0 0.566475682544697
3970.0 0.5693361530321792
3980.0 0.5721966235196614
3990.0 0.5750570940071434
4000.0 0.5779175644946255
4010.0 0.5807780349821077
4020.0 0.5836385054695898
4030.0 0.5862862327322107
4040.0 0.5886911502756644
4050.0 0.5910960678191183
4060.0 0.593500985362572
4070.0 0.5959059029060259
4080.0 0.5983108204494796
4090.0 0.6007157379929334
4100.0 0.6031206555363872
4110.0 0.605525573079841
4120.0 0.6079304906232947
4130.0 0.6103354081667485
4140.0 0.6127403257102023
4150.0 0.6151452432536562
4160.0 0.6174132129691482
4170.0 0.619217482144349
4180.0 0.6210217513195498
4190.0 0.6228260204947507
4200.0 0.6246302896699515
4210.0 0.6264345588451523
4220.0 0.628238828020353
4230.0 0.6300430971955538
4240.0 0.6318473663707547
4250.0 0.6336516355459555
4260.0 0.6354559047211562
4270.0 0.637260173896357
4280.0 0.6390644430715579
4290.0 0.6408687122467587
4300.0 0.6426729814219595
4310.0 0.6444772505971603
4320.0 0.646281519772361
4330.0 0.6480857889475619
4340.0 0.6498900581227626
4350.0 0.6516943272979634
4360.0 0.6534985964731643
4370.0 0.6551190800569555
4380.0 0.656685284994579
4390.0 0.6582514899322026
4400.0 0.6598176948698263
4410.0 0.6613838998074499
4420.0 0.6629501047450734
4430.0 0.6645163096826969
4440.0 0.6660825146203206
4450.0 0.6676487195579442
4460.0 0.6692149244955677
4470.0 0.6707811294331913
4480.0 0.6723473343708151
4490.0 0.6739135393084387
4500.0 0.6754797442460622
4510.0 0.6770459491836858
4520.0 0.6786121541213094
4530.0 0.680178359058933
4540.0 0.6817445639965566
4550.0 0.6833107689341801
4560.0 0.6848769738718038
4570.0 0.6864431788094274
4580.0 0.688009383747051
4590.0 0.6895755886846745
4600.0 0.6910483884704421
4610.0 0.6923132864665947
4620.0 0.6935781844627473
4630.0 0.6948430824588999
4640.0 0.6961079804550524
4650.0 0.697372878451205
4660.0 0.6986377764473576
4670.0 0.6999026744435102
4680.0 0.7011675724396627
4690.0 0.7024324704358154
4700.0 0.703697368431968
4710.0 0.7049622664281205
4720.0 0.706227164424273
4730.0 0.7074920624204256
4740.0 0.7087569604165782
4750.0 0.7100218584127308
4760.0 0.7112867564088833
4770.0 0.7125516544050359
4780.0 0.7138165524011885
4790.0 0.7150814503973411
4800.0 0.7163463483934936
4810.0 0.7176112463896462
4820.0 0.7188761443857988
4830.0 0.7201410423819514
4840.0 0.7214059403781039
4850.0 0.7226708383742565
4860.0 0.7239357363704091
4870.0 0.7252006343665617
4880.0 0.7264655323627142
4890.0 0.7277304303588668
4900.0 0.7289953283550193
4910.0 0.7301279009368505
4920.0 0.7311840837684582
4930.0 0.7322402666000659
4940.0 0.7332964494316736
4950.0 0.7343526322632813
4960.0 0.7354088150948891
4970.0 0.7364649979264967
4980.0 0.7375211807581045
4990.0 0.7385773635897122
5000.0 0.7396335464213198
5010.0 0.7406897292529274
5020.0 0.7417459120845352
5030.0 0.7428020949161429
5040.0 0.7438582777477507
5050.0 0.7449144605793583
5060.0 0.7459706434109661
5070.0 0.7470268262425739
5080.0 0.7480830090741815
5090.0 0.7491391919057891
5100.0 0.7501953747373968
5110.0 0.7512515575690046
5120.0 0.7523077404006122
5130.0 0.75336392323222
5140.0 0.7544201060638277
5150.0 0.7554762888954354
5160.0 0.756532471727043
5170.0 0.7575886545586508
5180.0 0.7586448373902586
5190.0 0.7595218677475918
5200.0 0.7603927843183159
5210.0 0.76126370088904
5220.0 0.7621346174597642
5230.0 0.7630055340304883
5240.0 0.7638764506012126
5250.0 0.7647473671719366
5260.0 0.7656182837426608
5270.0 0.766489200313385
5280.0 0.7673601168841092
5290.0 0.7682310334548333
5300.0 0.7691019500255575
5310.0 0.7699728665962816
5320.0 0.7708437831670059
5330.0 0.7717146997377299
5340.0 0.7725856163084541
5350.0 0.7734565328791783
5360.0 0.7743274494499024
5370.0 0.7751983660206265
5380.0 0.7760692825913507
5390.0 0.7769401991620748
5400.0 0.7778111157327989
5410.0 0.7786820323035231
5420.0 0.7795529488742472
5430.0 0.7804238654449714
5440.0 0.7812947820156955
5450.0 0.7821656985864197
5460.0 0.7830366151571437
5470.0 0.783907531727868
5480.0 0.7847784482985921
5490.0 0.7856493648693162
5500.0 0.7865202814400405
5510.0 0.7873911980107647
5520.0 0.7882621145814888
5530.0 0.7891056311514725
5540.0 0.789650357237192
5550.0 0.7901950833229114
5560.0 0.7907398094086308
5570.0 0.7912845354943502
5580.0 0.7918292615800697
5590.0 0.792373987665789
5600.0 0.7929187137515085
5610.0 0.7934634398372278
5620.0 0.7940081659229473
5630.0 0.7945528920086667
5640.0 0.7950976180943861
5650.0 0.7956423441801055
5660.0 0.796187070265825
5670.0 0.7967317963515443
5680.0 0.7972765224372639
5690.0 0.7978212485229833
5700.0 0.7983659746087027
5710.0 0.7989107006944222
5720.0 0.7994554267801415
5730.0 0.8000001528658609
5740.0 0.8005448789515804
5750.0 0.8010896050372998
5760.0 0.8016343311230192
5770.0 0.8021790572087386
5780.0 0.802723783294458
5790.0 0.8032685093801775
5800.0 0.8038132354658969
5810.0 0.8043579615516162
5820.0 0.8049026876373357
5830.0 0.8054474137230551
5840.0 0.8059921398087745
5850.0 0.8065368658944939
5860.0 0.8069708836539912
5870.0 0.8073344177164338
5880.0 0.8076979517788763
5890.0 0.8080614858413189
5900.0 0.8084250199037614
5910.0 0.808788553966204
5920.0 0.8091520880286465
5930.0 0.8095156220910891
5940.0 0.8098791561535316
5950.0 0.8102426902159741
5960.0 0.8106062242784166
5970.0 0.8109697583408592
5980.0 0.8113332924033018
5990.0 0.8116968264657444
6000.0 0.8120603605281868
6010.0 0.8124238945906294
6020.0 0.8127874286530719
6030.0 0.8131509627155145
6040.0 0.813514496777957
6050.0 0.8138780308403996
6060.0 0.814241564902842
6070.0 0.8146050989652847
6080.0 0.8149686330277272
6090.0 0.8153321670901698
6100.0 0.8156957011526121
6110.0 0.8160592352150547
6120.0 0.8164227692774972
6130.0 0.81678630333994
6140.0 0.8171498374023825
6150.0 0.817513371464825
6160.0 0.8178769055272674
6170.0 0.81824043958971
6180.0 0.8186039736521525
6190.0 0.818967507714595
6200.0 0.8192582615469228
6210.0 0.8194051877816426
6220.0 0.8195521140163625
6230.0 0.8196990402510823
6240.0 0.8198459664858023
6250.0 0.8199928927205222
6260.0 0.820139818955242
6270.0 0.8202867451899618
6280.0 0.8204336714246817
6290.0 0.8205805976594016
6300.0 0.8207275238941215
6310.0 0.8208744501288413
6320.0 0.8210213763635612
6330.0 0.8211683025982811
6340.0 0.8213152288330009
6350.0 0.8214621550677209
6360.0 0.8216090813024408
6370.0 0.8217560075371605
6380.0 0.8219029337718804
6390.0 0.8220498600066002
6400.0 0.8221967862413201
6410.0 0.8223437124760401
6420.0 0.8224906387107599
6430.0 0.8226375649454798
6440.0 0.8227844911801996
6450.0 0.8229314174149195
6460.0 0.8230783436496394
6470.0 0.8232252698843593
6480.0 0.8233721961190791
6490.0 0.823519122353799
6500.0 0.8236660485885188
6510.0 0.8238129748232387
6520.0 0.8239599010579586
6530.0 0.8241068272926785
6540.0 0.8242537535273984
6550.0 0.8244006797621182
6560.0 0.8245476059968381
6570.0 0.8246945322315579
6580.0 0.8250159263601442
6590.0 0.8255471431099887
6600.0 0.826078359859833
6610.0 0.8266095766096774
6620.0 0.8271407933595217
6630.0 0.8276720101093662
6640.0 0.8282032268592106
6650.0 0.8287344436090549
6660.0 0.8292656603588993
6670.0 0.8297968771087436
6680.0 0.830328093858588
6690.0 0.8308593106084323
6700.0 0.8313905273582767
6710.0 0.831921744108121
6720.0 0.8324529608579654
6730.0 0.8329841776078097
6740.0 0.8335153943576542
6750.0 0.8340466111074986
6760.0 0.8345778278573429
6770.0 0.8348492843729377
6780.0 0.8350605993564646
6790.0 0.8352719143399918
6800.0 0.8354832293235188
6810.0 0.8356945443070459
6820.0 0.8359058592905729
6830.0 0.8361171742741
6840.0 0.836328489257627
6850.0 0.8365398042411543
6860.0 0.8367511192246812
6870.0 0.8369624342082083
6880.0 0.8371737491917354
6890.0 0.8373850641752624
6900.0 0.8375963791587895
6910.0 0.8378076941423165
6920.0 0.8380190091258436
6930.0 0.8382303241093707
6940.0 0.8384416390928977
6950.0 0.8386529540764247
6960.0 0.8388642690599519
6970.0 0.8390755840434789
6980.0 0.8392868990270059
6990.0 0.839498214010533
7000.0 0.8397095289940602
7010.0 0.8399208439775872
7020.0 0.8401321589611143
7030.0 0.8403434739446413
7040.0 0.8405547889281683
7050.0 0.8407661039116955
7060.0 0.8409774188952225
7070.0 0.8411887338787495
7080.0 0.8414000488622766
7090.0 0.8416113638458037
7100.0 0.841807489613525
7110.0 0.8419103101984398
7120.0 0.8420131307833547
7130.0 0.8421159513682696
7140.0 0.8422187719531843
7150.0 0.8423215925380991
7160.0 0.8424244131230141
7170.0 0.8425272337079288
7180.0 0.8426300542928437
7190.0 0.8427328748777584
7200.0 0.8428356954626732
7210.0 0.8429385160475881
7220.0 0.8430413366325028
7230.0 0.8431441572174178
7240.0 0.8432469778023326
7250.0 0.8433497983872473
7260.0 0.8434526189721622
7270.0 0.8435554395570771
7280.0 0.8436582601419919
7290.0 0.8437610807269067
7300.0 0.8438639013118215
7310.0 0.8439667218967364
7320.0 0.8440695424816512
7330.0 0.844172363066566
7340.0 0.8442751836514808
7350.0 0.8443780042363956
7360.0 0.8444808248213106
7370.0 0.8445836454062252
7380.0 0.8446864659911402
7390.0 0.844789286576055
7400.0 0.8448921071609699
7410.0 0.8449949277458846
7420.0 0.8450977483307995
7430.0 0.8452005689157143
7440.0 0.8453033895006292
7450.0 0.845406210085544
7460.0 0.8455090306704587
7470.0 0.8456118512553736
7480.0 0.8457146718402885
7490.0 0.8458174924252032
7500.0 0.845920313010118
7510.0 0.846023133595033
7520.0 0.8461208332288225
7530.0 0.8462157875293665
7540.0 0.8463107418299108
7550.0 0.846405696130455
7560.0 0.8465006504309992
7570.0 0.8465956047315434
7580.0 0.8466905590320877
7590.0 0.8467855133326317
7600.0 0.8468804676331758
7610.0 0.84697542193372
7620.0 0.8470703762342643
7630.0 0.8471653305348085
7640.0 0.8472602848353527
7650.0 0.8473552391358968
7660.0 0.847450193436441
7670.0 0.8475451477369852
7680.0 0.8476401020375294
7690.0 0.8477350563380737
7700.0 0.8478300106386177
7710.0 0.8479249649391619
7720.0 0.848019919239706
7730.0 0.8481148735402503
7740.0 0.8482098278407945
7750.0 0.8483047821413386
7760.0 0.8483997364418828
7770.0 0.8484946907424271
7780.0 0.8485896450429712
7790.0 0.8486845993435154
7800.0 0.8487795536440595
7810.0 0.8488745079446037
7820.0 0.8489694622451479
7830.0 0.8490644165456921
7840.0 0.8491593708462363
7850.0 0.8492543251467805
7860.0 0.8493492794473246
7870.0 0.8494442337478688
7880.0 0.8495391880484131
7890.0 0.8496341423489573
7900.0 0.8497290966495015
7910.0 0.8498240509500455
7920.0 0.8499190052505897
7930.0 0.8500139595511339
7940.0 0.8501089138516781
7950.0 0.8502038681522223
7960.0 0.8502988224527666
7970.0 0.8503894477107375
7980.0 0.8504766019345732
7990.0 0.850563756158409
8000.0 0.8506509103822446
8010.0 0.8507380646060804
8020.0 0.850825218829916
8030.0 0.8509123730537518
8040.0 0.8509995272775874
8050.0 0.8510866815014233
8060.0 0.851173835725259
8070.0 0.8512609899490946
8080.0 0.8513481441729305
8090.0 0.8514352983967661
8100.0 0.8515224526206018
8110.0 0.8516096068444374
8120.0 0.8516967610682733
8130.0 0.8517839152921091
8140.0 0.8518710695159447
8150.0 0.8519582237397804
8160.0 0.8520453779636161
8170.0 0.8521325321874519
8180.0 0.8522196864112875
8190.0 0.8523068406351232
8200.0 0.852393994858959
8210.0 0.8524811490827948
8220.0 0.8525683033066305
8230.0 0.8526554575304662
8240.0 0.8527426117543019
8250.0 0.8528297659781375
8260.0 0.8529169202019733
8270.0 0.8530040744258091
8280.0 0.8530912286496447
8290.0 0.8531783828734805
8300.0 0.8532655370973162
8310.0 0.853352691321152
8320.0 0.8534398455449876
8330.0 0.8535269997688233
8340.0 0.8536141539926589
8350.0 0.8537013082164948
8360.0 0.8537884624403305
8370.0 0.8538756166641662
8380.0 0.853962770888002
8390.0 0.8540499251118377
8400.0 0.8541370793356734
8410.0 0.854224233559509
8420.0 0.8543113877833448
8430.0 0.8543985420071805
8440.0 0.8544856962310162
8450.0 0.854572850454852
8460.0 0.8546448208617251
8470.0 0.8546712398177106
8480.0 0.8546976587736961
8490.0 0.8547240777296815
8500.0 0.854750496685667
8510.0 0.8547769156416526
8520.0 0.8548033345976379
8530.0 0.8548297535536236
8540.0 0.854856172509609
8550.0 0.8548825914655944
8560.0 0.85490901042158
8570.0 0.8549354293775655
8580.0 0.8549618483335508
8590.0 0.8549882672895365
8600.0 0.8550146862455218
8610.0 0.8550411052015073
8620.0 0.8550675241574929
8630.0 0.8550939431134783
8640.0 0.8551203620694637
8650.0 0.8551467810254494
8660.0 0.8551731999814347
8670.0 0.8551996189374202
8680.0 0.8552260378934058
8690.0 0.8552524568493912
8700.0 0.8552788758053766
8710.0 0.8553052947613622
8720.0 0.8553317137173476
8730.0 0.8553581326733332
8740.0 0.8553845516293186
8750.0 0.8554109705853041
8760.0 0.8554373895412896
8770.0 0.8554638084972751
8780.0 0.8554902274532605
8790.0 0.8555166464092461
8800.0 0.8555430653652315
8810.0 0.855569484321217
8820.0 0.8555959032772025
8830.0 0.855622322233188
8840.0 0.8556487411891734
8850.0 0.8556751601451589
8860.0 0.8557015791011444
8870.0 0.85572799805713
8880.0 0.8557544170131153
8890.0 0.8557808359691009
8900.0 0.8558072549250864
8910.0 0.8558336738810718
8920.0 0.8558600928370573
8930.0 0.8558865117930429
8940.0 0.8559129307490282
8950.0 0.8559393497050138
8960.0 0.8559657686609992
8970.0 0.8559921876169847
8980.0 0.8560186065729702
8990.0 0.8560519319547316
9000.0 0.8560856981721806
9010.0 0.8561194643896297
9020.0 0.8561532306070788
9030.0 0.8561869968245279
9040.0 0.856220763041977
9050.0 0.8562545292594261
9060.0 0.8562882954768751
9070.0 0.8563220616943245
9080.0 0.8563558279117734
9090.0 0.8563895941292226
9100.0 0.8564233603466717
9110.0 0.8564571265641208
9120.0 0.8564908927815699
9130.0 0.856524658999019
9140.0 0.856558425216468
9150.0 0.8565921914339172
9160.0 0.8566259576513663
9170.0 0.8566597238688154
9180.0 0.8566934900862645
9190.0 0.8567272563037136
9200.0 0.8567610225211626
9210.0 0.8567947887386118
9220.0 0.8568285549560608
9230.0 0.85686232117351
9240.0 0.856896087390959
9250.0 0.8569298536084081
9260.0 0.8569636198258573
9270.0 0.8569973860433064
9280.0 0.8570311522607555
9290.0 0.8570649184782047
9300.0 0.8570986846956538
9310.0 0.8571324509131029
9320.0 0.857166217130552
9330.0 0.857199983348001
9340.0 0.8572337495654502
9350.0 0.8572675157828993
9360.0 0.8573012820003484
9370.0 0.8573350482177975
9380.0 0.8573688144352466
9390.0 0.8574025806526956
9400.0 0.8565472193959204
9410.0 0.8546138894314572
9420.0 0.8526805594669942
9430.0 0.850747229502531
9440.0 0.848813899538068
9450.0 0.8468805695736049
9460.0 0.8449472396091418
9470.0 0.8430139096446787
9480.0 0.8410805796802157
9490.0 0.840393888337577
9500.0 0.8413067652722572
9510.0 0.8422196422069375
9520.0 0.8431325191416178
9530.0 0.844045396076298
9540.0 0.8449582730109783
9550.0 0.8458711499456585
9560.0 0.8467840268803387
9570.0 0.8476969038150189
9580.0 0.8486097807496992
9590.0 0.8495226576843794
9600.0 0.8504355346190596
9610.0 0.8513484115537399
9620.0 0.8522612884884202
9630.0 0.8531741654231005
9640.0 0.8540870423577808
9650.0 0.854999919292461
9660.0 0.8559127962271411
9670.0 0.8564767937398928
9680.0 0.8570397414650158
9690.0 0.8576026891901387
9700.0 0.8581656369152616
9710.0 0.8587285846403846
9720.0 0.8592915323655076
9730.0 0.8598544800906305
9740.0 0.8604174278157534
9750.0 0.8609803755408765
9760.0 0.8615433232659995
9770.0 0.8621062709911224
9780.0 0.8626692187162452
9790.0 0.8632321664413682
9800.0 0.8637951141664911
9810.0 0.8643580618916141
9820.0 0.8647496798704284
9830.0 0.8648393410035383
9840.0 0.8649290021366483
9850.0 0.8650186632697582
9860.0 0.8651083244028682
9870.0 0.8651979855359782
9880.0 0.8652876466690881
9890.0 0.8653773078021979
9900.0 0.865466968935308
9910.0 0.8655566300684179
9920.0 0.8656462912015279
9930.0 0.8657359523346378
9940.0 0.8658256134677477
9950.0 0.8659152746008577
9960.0 0.8660049357339676
9970.0 0.8660945968670775
9980.0 0.8661842580001875
9990.0 0.8662739191332974
10000.0 0.8110637772706794
10010.0 0.8111477153527397
10020.0 0.8112316534348
10030.0 0.8113155915168604
10040.0 0.8113995295989208
10050.0 0.8114834676809812
10060.0 0.8115674057630415
10070.0 0.811651343845102
10080.0 0.8117352819271623
10090.0 0.8118192200092226
10100.0 0.811903158091283
10110.0 0.8119870961733434
10120.0 0.8120710342554038
10130.0 0.8121549723374641
10140.0 0.8122389104195245
10150.0 0.8123024974462377
10160.0 0.8123635691739752
10170.0 0.8124246409017128
10180.0 0.8124857126294505
10190.0 0.812546784357188
10200.0 0.8126078560849256
10210.0 0.8126689278126631
10220.0 0.8127299995404007
10230.0 0.8127910712681384
10240.0 0.812852142995876
10250.0 0.8129132147236137
10260.0 0.8129742864513512
10270.0 0.8130353581790888
10280.0 0.8130964299068264
10290.0 0.8131575016345639
10300.0 0.8132185733623015
10310.0 0.8132796450900391
10320.0 0.8133407168177769
10330.0 0.8134017885455145
10340.0 0.813462860273252
10350.0 0.8135239320009896
10360.0 0.8135850037287271
10370.0 0.8136460754564647
10380.0 0.8137071471842023
10390.0 0.81376821891194
10400.0 0.8138292906396776
10410.0 0.8138903623674152
10420.0 0.8139514340951528
10430.0 0.8140125058228904
10440.0 0.8140735775506279
10450.0 0.8141346492783655
10460.0 0.8141957210061032
10470.0 0.8142567927338408
10480.0 0.8143178644615784
10490.0 0.8143789361893159
10500.0 0.8144400079170536
10510.0 0.8145010796447911
10520.0 0.8145621513725287
10530.0 0.8146232231002664
10540.0 0.814684294828004
10550.0 0.8147453665557416
10560.0 0.8148064382834791
10570.0 0.8148675100112167
10580.0 0.8149285817389543
10590.0 0.8149759507147841
10600.0 0.8150027655627521
10610.0 0.8150295804107202
10620.0 0.8150563952586882
10630.0 0.8150832101066563
10640.0 0.8151100249546241
10650.0 0.8151368398025922
10660.0 0.8151636546505604
10670.0 0.8151904694985282
10680.0 0.8152172843464963
10690.0 0.8152440991944643
10700.0 0.8152709140424325
10710.0 0.8152977288904004
10720.0 0.8153245437383684
10730.0 0.8153513585863364
10740.0 0.8153781734343045
10750.0 0.8154049882822725
10760.0 0.8154318031302406
10770.0 0.8154586179782086
10780.0 0.8154854328261766
10790.0 0.8155122476741445
10800.0 0.8155390625221126
10810.0 0.8155658773700808
10820.0 0.8155926922180486
10830.0 0.8156195070660167
10840.0 0.8156463219139847
10850.0 0.8156731367619529
10860.0 0.8156999516099208
10870.0 0.8157267664578888
10880.0 0.8157535813058568
10890.0 0.8157803961538248
10900.0 0.8158072110017929
10910.0 0.815834025849761
10920.0 0.8158608406977289
10930.0 0.815887655545697
10940.0 0.8159144703936649
10950.0 0.815941285241633
10960.0 0.8159681000896011
10970.0 0.815994914937569
10980.0 0.8160217297855371
10990.0 0.8160485446335051
11000.0 0.8160753594814731
11010.0 0.8161021743294412
11020.0 0.8161289891774092
11030.0 0.8161558040253772
11040.0 0.8161826188733452
11050.0 0.8162094337213133
11060.0 0.8162362485692813
11070.0 0.8162630634172493
11080.0 0.8162842626977396
11090.0 0.8162486823515106
11100.0 0.8162131020052816
11110.0 0.8161775216590527
11120.0 0.8161419413128236
11130.0 0.8161063609665947
11140.0 0.8160707806203658
11150.0 0.8160352002741367
11160.0 0.8159996199279077
11170.0 0.8159640395816787
11180.0 0.8159284592354497
11190.0 0.8158928788892208
11200.0 0.8158572985429918
11210.0 0.8158217181967627
11220.0 0.8157861378505338
11230.0 0.8157505575043048
11240.0 0.8157149771580758
11250.0 0.8156793968118468
11260.0 0.8156438164656179
11270.0 0.8156082361193889
11280.0 0.8155726557731598
11290.0 0.8155370754269309
11300.0 0.8155014950807019
11310.0 0.8154659147344728
11320.0 0.8154303343882439
11330.0 0.8153947540420149
11340.0 0.8153591736957858
11350.0 0.8153235933495568
11360.0 0.8152880130033279
11370.0 0.815252432657099
11380.0 0.8152168523108699
11390.0 0.815181271964641
11400.0 0.815145691618412
11410.0 0.8151101112721829
11420.0 0.8150745309259539
11430.0 0.815038950579725
11440.0 0.815003370233496
11450.0 0.814967789887267
11460.0 0.8149322095410381
11470.0 0.814896629194809
11480.0 0.81486104884858
11490.0 0.8148200169684972
11500.0 0.8147584769372496
11510.0 0.8146969369060018
11520.0 0.8146353968747541
11530.0 0.8145738568435066
11540.0 0.8145123168122589
11550.0 0.8144507767810112
11560.0 0.8143892367497636
11570.0 0.8143276967185159
11580.0 0.8142661566872681
11590.0 0.8142046166560205
11600.0 0.8141430766247728
11610.0 0.8140815365935251
11620.0 0.8140199965622775
11630.0 0.8139584565310298
11640.0 0.8138969164997821
11650.0 0.8138353764685345
11660.0 0.8137738364372868
11670.0 0.8137122964060393
11680.0 0.8136507563747916
11690.0 0.8135892163435439
11700.0 0.8135276763122963
11710.0 0.8134661362810486
11720.0 0.8134045962498009
11730.0 0.8133430562185533
11740.0 0.8132815161873055
11750.0 0.8132199761560578
11760.0 0.8131584361248102
11770.0 0.8130968960935625
11780.0 0.8130353560623149
11790.0 0.8129738160310673
11800.0 0.8129122759998196
11810.0 0.8128507359685718
11820.0 0.8127891959373242
11830.0 0.8127276559060765
11840.0 0.812666115874829
11850.0 0.8126045758435813
11860.0 0.8125430358123336
11870.0 0.812481495781086
11880.0 0.8124199557498383
11890.0 0.8123584157185905
11900.0 0.8122968756873429
11910.0 0.8122353356560953
11920.0 0.8121737956248476
11930.0 0.8121122555936
11940.0 0.8120507155623523
11950.0 0.8119891755311046
11960.0 0.8117643642238664
11970.0 0.811523405208014
11980.0 0.8112824461921615
11990.0 0.8110414871763091
12000.0 0.8108005281604564
12010.0 0.8105595691446039
12020.0 0.8103186101287515
12030.0 0.810077651112899
12040.0 0.8098366920970465
12050.0 0.809595733081194
12060.0 0.8093547740653414
12070.0 0.8091138150494889
12080.0 0.8088728560336363
12090.0 0.8086318970177839
12100.0 0.8083909380019315
12110.0 0.8081499789860789
12120.0 0.8079090199702263
12130.0 0.8076680609543738
12140.0 0.8074271019385213
12150.0 0.8071861429226688
12160.0 0.8069451839068164
12170.0 0.8067042248909639
12180.0 0.8064632658751112
12190.0 0.8062223068592588
12200.0 0.8059813478434062
12210.0 0.8057403888275538
12220.0 0.8054994298117013
12230.0 0.8052584707958488
12240.0 0.800877214221935
12250.0 0.8000221719689805
12260.0 0.799167129716026
12270.0 0.7983120874630713
12280.0 0.7974570452101166
12290.0 0.7966020029571621
12300.0 0.7957469607042075
12310.0 0.794891918451253
12320.0 0.7940368761982982
12330.0 0.7931818339453437
12340.0 0.7923267916923891
12350.0 0.7914717494394345
12360.0 0.7898099871400848
12370.0 0.7872742781238066
12380.0 0.7847385691075285
12390.0 0.7822028600912504
12400.0 0.7796671510749724
12410.0 0.7771314420586942
12420.0 0.7745957330424162
12430.0 0.7720600240261382
12440.0 0.7695243150098601
12450.0 0.7670113948777709
12460.0 0.7656151300709368
12470.0 0.7642188652641027
12480.0 0.7628226004572686
12490.0 0.7614263356504345
12500.0 0.7600300708436004
12510.0 0.7586338060367662
12520.0 0.7591283922413193
12530.0 0.7603952978730587
12540.0 0.7616622035047979
12550.0 0.7629291091365371
12560.0 0.7641960147682765
12570.0 0.7654629204000156
12580.0 0.7667298260317551
12590.0 0.7679967316634942
12600.0 0.7692636372952335
12610.0 0.7705305429269729
12620.0 0.771797448558712
12630.0 0.7726205126734378
12640.0 0.7733830529449341
12650.0 0.7741455932164307
12660.0 0.7749081334879273
12670.0 0.7756706737594238
12680.0 0.7764332140309204
12690.0 0.7771957543024169
12700.0 0.7779582945739134
12710.0 0.7787208348454099
12720.0 0.7794833751169066
12730.0 0.7802459153884029
12740.0 0.7809470980401862
12750.0 0.7813005875135944
12760.0 0.7816540769870025
12770.0 0.7820075664604106
12780.0 0.7823610559338187
12790.0 0.7827145454072268
12800.0 0.7830680348806349
12810.0 0.783421524354043
12820.0 0.7837750138274511
12830.0 0.7841285033008593
12840.0 0.7844819927742673
12850.0 0.7848354822476755
12860.0 0.7851889717210837
12870.0 0.7855424611944917
12880.0 0.7858959506678999
12890.0 0.7862494401413079
12900.0 0.7866029296147161
12910.0 0.7869564190881242
12920.0 0.7873099085615324
12930.0 0.7876633980349405
12940.0 0.7879425241212793
12950.0 0.7880561317009159
12960.0 0.7881697392805523
12970.0 0.788283346860189
12980.0 0.7883969544398255
12990.0 0.7885105620194621
13000.0 0.7886241695990986
13010.0 0.7887377771787352
13020.0 0.7888513847583717
13030.0 0.7889649923380082
13040.0 0.7890785999176447
13050.0 0.7891922074972813
13060.0 0.7893058150769178
13070.0 0.7894194226565544
13080.0 0.7895330302361909
13090.0 0.7896466378158276
13100.0 0.789760245395464
13110.0 0.7898738529751005
13120.0 0.7891050563817722
13130.0 0.7879931026100688
13140.0 0.7868811488383654
13150.0 0.785769195066662
13160.0 0.7846572412949585
13170.0 0.783545287523255
13180.0 0.7824333337515516
13190.0 0.7813213799798483
13200.0 0.7802094262081448
13210.0 0.7790974724364415
13220.0 0.7779855186647379
13230.0 0.7768735648930345
13240.0 0.7757616111213311
13250.0 0.7746496573496277
13260.0 0.7735377035779243
13270.0 0.7724257498062209
13280.0 0.770800151191981
13290.0 0.7686399426395908
13300.0 0.7664797340872005
13310.0 0.7643195255348104
13320.0 0.7621593169824202
13330.0 0.7599991084300299
13340.0 0.7578388998776397
13350.0 0.7556786913252496
13360.0 0.7535184827728594
13370.0 0.7513582742204692
13380.0 0.7491980656680791
13390.0 0.7470378571156888
13400.0 0.7448776485632986
13410.0 0.7424437014395198
13420.0 0.7399724263287333
13430.0 0.7375011512179469
13440.0 0.7350298761071604
13450.0 0.7325586009963739
13460.0 0.7300873258855874
13470.0 0.727616050774801
13480.0 0.7251447756640146
13490.0 0.7226735005532281
13500.0 0.7202022254424416
13510.0 0.7177309503316551
13520.0 0.7152596752208688
13530.0 0.7127884001100823
13540.0 0.7103171249992958
13550.0 0.7075548532699117
13560.0 0.7047638016551717
13570.0 0.7019727500404318
13580.0 0.6991816984256918
13590.0 0.6963906468109519
13600.0 0.693599595196212
13610.0 0.690808543581472
13620.0 0.688017491966732
13630.0 0.6852264403519921
13640.0 0.6824353887372521
13650.0 0.6721500163969902
13660.0 0.6617889438473794
13670.0 0.6514278712977685
13680.0 0.6410667987481576
13690.0 0.6307057261985467
13700.0 0.6203446536489359
13710.0 0.6099835810993249
13720.0 0.5933059648018939
13730.0 0.575146690094479
13740.0 0.5569874153870642
13750.0 0.5388281406796492
13760.0 0.5115126393580327
13770.0 0.48161461258112737
13780.0 0.45171658580422214
13790.0 0.4218185590273169
13800.0 0.39192053225041157
13810.0 0.3722228837160386
13820.0 0.3537859560880441
13830.0 0.33534902846004955
13840.0 0.31691210083205507
13850.0 0.3052714544997913
13860.0 0.2946463444530976
13870.0 0.2850116880610058
13880.0 0.2795994919858973
13890.0 0.2741872959107887
13900.0 0.26877509983568015
13910.0 0.26442257914705036
13920.0 0.2660748856484665
13930.0 0.2677271921498825
13940.0 0.26937949865129857
13950.0 0.2710318051527147
13960.0 0.27268411165413076
13970.0 0.278587629574981
13980.0 0.28606351336329383
13990.0 0.2935524120906052
14000.0 0.30232978977875785
14010.0 0.3111071674669106
14020.0 0.3198845451550633
14030.0 0.32866192284321605
14040.0 0.33928389981042484
14050.0 0.35006627671494267
14060.0 0.36084865361946045
14070.0 0.3708092635216723
14080.0 0.3804959510897821
14090.0 0.3901826386578919
14100.0 0.3999490436349445
14110.0 0.41030004294424477
14120.0 0.42065104225354494
14130.0 0.4310020415628452
14140.0 0.4413530408721454
14150.0 0.45142178918549913
14160.0 0.45960162698752
14170.0 0.4677814647895409
14180.0 0.4759613025915618
14190.0 0.48414114039358264
14200.0 0.4923209781956035
14210.0 0.5005008159976244
14220.0 0.5080429496005534
14230.0 0.5154155668973947
14240.0 0.5227881841942358
14250.0 0.5301608014910769
14260.0 0.5375334187879183
14270.0 0.5449060360847595
14280.0 0.5522640024437802
14290.0 0.5581715259585759
14300.0 0.5640790494733716
14310.0 0.5699865729881674
14320.0 0.5758940965029631
14330.0 0.5818016200177588
14340.0 0.5877091435325547
14350.0 0.5936166670473504
14360.0 0.5995241905621461
14370.0 0.605431714076942
14380.0 0.6092671670262603
14390.0 0.6130385353189147
14400.0 0.6168099036115692
14410.0 0.6205812719042236
14420.0 0.6243526401968781
14430.0 0.6281240084895325
14440.0 0.631895376782187
14450.0 0.6356667450748413
14460.0 0.6394381133674958
14470.0 0.6432094816601502
14480.0 0.6469808499528047
14490.0 0.6498925263631555
14500.0 0.6523996418877168
14510.0 0.654906757412278
14520.0 0.6574138729368392
14530.0 0.6599209884614005
14540.0 0.6624281039859616
14550.0 0.6649352195105229
14560.0 0.6674423350350842
14570.0 0.6699494505596454
14580.0 0.6724565660842067
14590.0 0.6749636816087679
14600.0 0.6774707971333291
14610.0 0.6799779126578903
14620.0 0.6824850281824515
14630.0 0.6849921437070128
14640.0 0.6874992592315741
14650.0 0.6900063747561352
14660.0 0.6925134902806964
14670.0 0.6950206058052577
14680.0 0.697527721329819
14690.0 0.6996004640382626
14700.0 0.7009335989787219
14710.0 0.7022667339191812
14720.0 0.7035998688596404
14730.0 0.7049330038000999
14740.0 0.7062661387405591
14750.0 0.7075992736810184
14760.0 0.7089324086214777
14770.0 0.7102655435619369
14780.0 0.7115986785023963
14790.0 0.7129318134428556
14800.0 0.714264948383315
14810.0 0.7155980833237742
14820.0 0.7169312182642334
14830.0 0.7182643532046928
14840.0 0.7195974881451521
14850.0 0.7209306230856114
14860.0 0.7222637580260707
14870.0 0.7235968929665301
14880.0 0.7249300279069892
14890.0 0.7260060111000588
14900.0 0.7268446234493838
14910.0 0.7276832357987091
14920.0 0.7285218481480341
14930.0 0.7293604604973591
14940.0 0.7301990728466844
14950.0 0.7310376851960094
14960.0 0.7318762975453345
14970.0 0.7327149098946596
14980.0 0.7335535222439847
14990.0 0.7343921345933098
15000.0 0.7352307469426348
15010.0 0.73606935929196
15020.0 0.7369079716412851
15030.0 0.7377465839906101
15040.0 0.7385851963399352
15050.0 0.7394238086892604
15060.0 0.7402624210385854
15070.0 0.7411010333879106
15080.0 0.7419396457372357
15090.0 0.7427782580865608
15100.0 0.7436168704358859
15110.0 0.744455482785211
15120.0 0.7452940951345361
15130.0 0.7461327074838612
15140.0 0.7469713198331863
15150.0 0.7478099321825113
15160.0 0.7486485445318365
15170.0 0.7494871568811615
15180.0 0.7503257692304867
15190.0 0.7511643815798118
15200.0 0.7520029939291368
15210.0 0.7526824678140842
15220.0 0.7533517839247095
15230.0 0.754021100035335
15240.0 0.7546904161459602
15250.0 0.7553597322565856
15260.0 0.7560290483672109
15270.0 0.7566983644778362
15280.0 0.7573676805884616
15290.0 0.7580369966990869
15300.0 0.7587063128097122
15310.0 0.7593756289203376
15320.0 0.7600449450309629
15330.0 0.7607142611415882
15340.0 0.7613835772522136
15350.0 0.762052893362839
15360.0 0.7627222094734643
15370.0 0.7633915255840896
15380.0 0.764060841694715
15390.0 0.7647301578053403
15400.0 0.7653994739159656
15410.0 0.766068790026591
15420.0 0.7667381061372164
15430.0 0.7674074222478416
15440.0 0.768076738358467
15450.0 0.7687460544690924
15460.0 0.7694153705797177
15470.0 0.770084686690343
15480.0 0.7707540028009684
15490.0 0.7714233189115938
15500.0 0.772092635022219
15510.0 0.7727619511328444
15520.0 0.7734312672434698
15530.0 0.774100583354095
15540.0 0.7747698994647204
15550.0 0.7754392155753458
15560.0 0.7761085316859712
15570.0 0.7766832206028936
15580.0 0.7771217386800975
15590.0 0.7775602567573013
15600.0 0.7779987748345052
15610.0 0.778437292911709
15620.0 0.778875810988913
15630.0 0.7793143290661169
15640.0 0.7797528471433206
15650.0 0.7801913652205245
15660.0 0.7806298832977284
15670.0 0.7810684013749322
15680.0 0.781506919452136
15690.0 0.78194543752934
15700.0 0.7823839556065438
15710.0 0.7828224736837476
15720.0 0.7832609917609515
15730.0 0.7836995098381554
15740.0 0.7841380279153591
15750.0 0.7845765459925631
15760.0 0.785015064069767
15770.0 0.7854535821469708
15780.0 0.7858921002241747
15790.0 0.7863306183013785
15800.0 0.7867691363785824
15810.0 0.7872076544557862
15820.0 0.7876461725329901
15830.0 0.7880846906101939
15840.0 0.7885232086873978
15850.0 0.7889617267646016
15860.0 0.7894002448418055
15870.0 0.7898387629190093
15880.0 0.7902772809962132
15890.0 0.790715799073417
15900.0 0.7911543171506209
15910.0 0.7915687788560354
15920.0 0.7918222479194744
15930.0 0.7920757169829135
15940.0 0.7923291860463525
15950.0 0.7925826551097915
15960.0 0.7928361241732306
15970.0 0.7930895932366696
15980.0 0.7933430623001086
15990.0 0.7935965313635477
16000.0 0.7938500004269867
16010.0 0.7941034694904258
16020.0 0.7943569385538648
16030.0 0.7946104076173038
16040.0 0.794863876680743
16050.0 0.7951173457441819
16060.0 0.795370814807621
16070.0 0.79562428387106
16080.0 0.795877752934499
16090.0 0.7961312219979381
16100.0 0.7963846910613771
16110.0 0.7966381601248163
16120.0 0.7968916291882553
16130.0 0.7971450982516943
16140.0 0.7973985673151334
16150.0 0.7976520363785724
16160.0 0.7979055054420113
16170.0 0.7981589745054504
16180.0 0.7984124435688895
16190.0 0.7986659126323286
16200.0 0.7989193816957676
16210.0 0.7991728507592066
16220.0 0.7994263198226457
16230.0 0.7996479612255015
16240.0 0.7996120879200017
16250.0 0.7995762146145019
16260.0 0.7995403413090022
16270.0 0.7995044680035025
16280.0 0.7994685946980028
16290.0 0.799432721392503
16300.0 0.7993968480870032
16310.0 0.7993609747815034
16320.0 0.7993251014760038
16330.0 0.799289228170504
16340.0 0.7992533548650043
16350.0 0.7992174815595043
16360.0 0.7991816082540047
16370.0 0.7991457349485049
16380.0 0.7991098616430052
16390.0 0.7990739883375054
16400.0 0.7990381150320058
16410.0 0.7990022417265059
16420.0 0.7989663684210062
16430.0 0.7989304951155064
16440.0 0.7988946218100067
16450.0 0.798858748504507
16460.0 0.7988228751990072
16470.0 0.7987870018935074
16480.0 0.7987511285880076
16490.0 0.798715255282508
16500.0 0.7986793819770082
16510.0 0.7986435086715085
16520.0 0.7986076353660085
16530.0 0.7983986827184678
16540.0 0.7978682970071362
16550.0 0.7973379112958048
16560.0 0.7968075255844732
16570.0 0.7962771398731419
16580.0 0.7957467541618103
16590.0 0.7952163684504788
16600.0 0.7946859827391473
16610.0 0.7941555970278157
16620.0 0.7936252113164842
16630.0 0.7930948256051525
16640.0 0.7925644398938212
16650.0 0.7920340541824896
16660.0 0.7915036684711582
16670.0 0.7909732827598266
16680.0 0.7904428970484951
16690.0 0.7899125113371636
16700.0 0.7893821256258321
16710.0 0.7888517399145005
16720.0 0.7883213542031691
16730.0 0.7877909684918376
16740.0 0.787260582780506
16750.0 0.7867301970691746
16760.0 0.786199811357843
16770.0 0.7856694256465115
16780.0 0.78513903993518
16790.0 0.7846086542238485
16800.0 0.784078268512517
16810.0 0.7835478828011855
16820.0 0.783017497089854
16830.0 0.7824871113785224
16840.0 0.7819314538619438
16850.0 0.7813644423459063
16860.0 0.7807974308298689
16870.0 0.7802304193138314
16880.0 0.7796634077977938
16890.0 0.7790963962817563
16900.0 0.7785293847657189
16910.0 0.7779623732496814
16920.0 0.7773953617336439
16930.0 0.7768283502176064
16940.0 0.776261338701569
16950.0 0.7756943271855314
16960.0 0.7751273156694939
16970.0 0.7745603041534563
16980.0 0.773993292637419
16990.0 0.7734262811213815
17000.0 0.772859269605344
17010.0 0.7722922580893065
17020.0 0.771725246573269
17030.0 0.7711582350572315
17040.0 0.770591223541194
17050.0 0.7700242120251565
17060.0 0.769457200509119
17070.0 0.7688901889930816
17080.0 0.768323177477044
17090.0 0.7677561659610066
17100.0 0.767189154444969
17110.0 0.7666221429289316
17120.0 0.766055131412894
17130.0 0.7654881198968566
17140.0 0.7649211083808191
17150.0 0.7642603065899313
17160.0 0.7629718314212011
17170.0 0.7616833562524707
17180.0 0.7603948810837405
17190.0 0.7591064059150102
17200.0 0.75781793074628
17210.0 0.7565294555775497
17220.0 0.7552409804088194
17230.0 0.7539525052400892
17240.0 0.752664030071359
17250.0 0.7513755549026286
17260.0 0.7500870797338984
17270.0 0.7487986045651681
17280.0 0.7475101293964379
17290.0 0.7462216542277076
17300.0 0.7449331790589773
17310.0 0.7432769916655009
17320.0 0.7409379101403527
17330.0 0.7385988286152048
17340.0 0.7362597470900566
17350.0 0.7339206655649085
17360.0 0.7315815840397606
17370.0 0.7292425025146125
17380.0 0.7269034209894646
17390.0 0.7245643394643164
17400.0 0.7222252579391684
17410.0 0.7198861764140204
17420.0 0.7175470948888724
17430.0 0.7152080133637243
17440.0 0.7128689318385762
17450.0 0.7108686316958893
17460.0 0.7094210801245855
17470.0 0.7079735285532816
17480.0 0.7065259769819778
17490.0 0.705078425410674
17500.0 0.7036308738393702
17510.0 0.7021833222680662
17520.0 0.7007357706967625
17530.0 0.6992882191254587
17540.0 0.6978406675541549
17550.0 0.6963931159828509
17560.0 0.6949455644115472
17570.0 0.6934980128402434
17580.0 0.6922600590841008
17590.0 0.6914886294971883
17600.0 0.6907171999102759
17610.0 0.6899457703233632
17620.0 0.6891743407364509
17630.0 0.6884029111495383
17640.0 0.6876314815626259
17650.0 0.6868600519757134
17660.0 0.686088622388801
17670.0 0.6853171928018884
17680.0 0.684545763214976
17690.0 0.6837743336280634
17700.0 0.683002904041151
17710.0 0.6822314744542385
17720.0 0.681460044867326
17730.0 0.6806886152804135
17740.0 0.6799171856935011
17750.0 0.6788517564282995
17760.0 0.6764469952953363
17770.0 0.6740422341623731
17780.0 0.6716374730294098
17790.0 0.6692327118964465
17800.0 0.6668279507634833
17810.0 0.66442318963052
17820.0 0.6620184284975569
17830.0 0.6596136673645936
17840.0 0.6572089062316303
17850.0 0.6548041450986671
17860.0 0.6523993839657038
17870.0 0.6495802252567855
17880.0 0.6462937671537051
17890.0 0.6430073090506248
17900.0 0.6397208509475444
17910.0 0.636434392844464
17920.0 0.6331479347413836
17930.0 0.6298614766383033
17940.0 0.6265750185352229
17950.0 0.6232885604321425
17960.0 0.6200021023290622
17970.0 0.6167156442259819
17980.0 0.6134291861229014
17990.0 0.6101427280198211
18000.0 0.6068562699167407
18010.0 0.6052124824165793
18020.0 0.6052113655193373
18030.0 0.605210248622095
18040.0 0.605209131724853
18050.0 0.6052080148276109
18060.0 0.6052068979303687
18070.0 0.6052057810331265
18080.0 0.6052046641358844
18090.0 0.6054674984848125
18100.0 0.606143179654673
18110.0 0.6068188608245336
18120.0 0.6074945419943941
18130.0 0.6081702231642546
18140.0 0.6088459043341152
18150.0 0.6095215855039758
18160.0 0.6101972666738363
18170.0 0.610872947843697
18180.0 0.6115486290135576
18190.0 0.61221202763108
18200.0 0.6116594535671047
18210.0 0.6111068795031296
18220.0 0.6105543054391543
18230.0 0.6100017313751792
18240.0 0.6094491573112041
18250.0 0.608896583247229
18260.0 0.6083440091832537
18270.0 0.6077914351192786
18280.0 0.6072388610553033
18290.0 0.6067360186570859
18300.0 0.6067360186570859
18310.0 0.6067360186570859
18320.0 0.6067360186570859
18330.0 0.6067360186570859
18340.0 0.6067360186570859
18350.0 0.6067360186570859
18360.0 0.6067360186570859
18370.0 0.6067360186570859
18380.0 0.6067360186570859
18390.0 0.6067360186570859
18400.0 0.6067360186570859
18410.0 0.6067360186570859
18420.0 0.6067360186570859
18430.0 0.6067360186570859
18440.0 0.6067360186570859
18450.0 0.6067360186570859
18460.0 0.6067360186570859
18470.0 0.6067360186570859
18480.0 0.6067360186570859
18490.0 0.6067360186570859
