lamA thr_arm1 thr_arm2 thr_arm3 thr_arm4 thr_arm5
3500.0 0.0 0.0 0.0 0.0 0.0
3510.0 0.0 0.0 0.0 0.0 0.0
3520.0 0.0 0.0 0.0 0.0 0.0
3530.0 nan nan nan nan nan
3540.0 0.0 0.0 0.0 0.0 0.0
3550.0 0.0 0.0 0.0 0.0 0.0
3560.0 0.0 0.0 0.0 0.0 0.0
3570.0 0.0 0.0 0.0 0.0 0.0
3580.0 0.0 0.0 0.0 0.0 0.0
3590.0 0.0 0.0 0.0 0.0 0.0
3600.0 0.34047699202688825 0.0 0.0 0.0 0.0
3610.0 0.3461978397535244 0.0 0.0 0.0 0.0
3620.0 0.35191868748016053 0.0 0.0 0.0 0.0
3630.0 0.3576395352067967 0.0 0.0 0.0 0.0
3640.0 0.36336038293343287 0.0 0.0 0.0 0.0
3650.0 0.36908123066006904 0.0 0.0 0.0 0.0
3660.0 0.3748020783867052 0.0 0.0 0.0 0.0
3670.0 0.3805229261133414 0.0 0.0 0.0 0.0
3680.0 0.38624377383997754 0.0 0.0 0.0 0.0
3690.0 0.3919646215666137 0.0 0.0 0.0 0.0
3700.0 0.3976854692932499 0.0 0.0 0.0 0.0
3710.0 0.40126361584334663 0.0 0.0 0.0 0.0
3720.0 0.4045850221628838 0.0 0.0 0.0 0.0
3730.0 0.407906428482421 0.0 0.0 0.0 0.0
3740.0 0.4112278348019581 0.0 0.0 0.0 0.0
3750.0 0.41454924112149527 0.0 0.0 0.0 0.0
3760.0 0.4178706474410325 0.0 0.0 0.0 0.0
3770.0 0.4211920537605696 0.0 0.0 0.0 0.0
3780.0 0.4245134600801068 0.0 0.0 0.0 0.0
3790.0 0.42783486639964396 0.0 0.0 0.0 0.0
3800.0 0.4311562727191811 0.0 0.0 0.0 0.0
3810.0 0.4344776790387183 0.0 0.0 0.0 0.0
3820.0 0.43779908535825546 0.0 0.0 0.0 0.0
3830.0 0.44112049167779266 0.0 0.0 0.0 0.0
3840.0 0.4444418979973298 0.0 0.0 0.0 0.0
3850.0 0.44776330431686695 0.0 0.0 0.0 0.0
3860.0 0.45108471063640415 0.0 0.0 0.0 0.0
3870.0 0.45440611695594124 0.0 0.0 0.0 0.0
3880.0 0.4577275232754784 0.0 0.0 0.0 0.0
3890.0 0.46104892959501553 0.0 0.0 0.0 0.0
3900.0 0.46437033591455273 0.0 0.0 0.0 0.0
3910.0 0.4676917422340899 0.0 0.0 0.0 0.0
3920.0 0.4710131485536271 0.0 0.0 0.0 0.0
3930.0 0.4743345548731642 0.0 0.0 0.0 0.0
3940.0 0.4776559611927014 0.0 0.0 0.0 0.0
3950.0 0.4809773675122386 0.0 0.0 0.0 0.0
3960.0 0.4842987738317757 0.0 0.0 0.0 0.0
3970.0 0.4876201801513129 0.0 0.0 0.0 0.0
3980.0 0.49094158647085007 0.0 0.0 0.0 0.0
3990.0 0.4942629927903872 0.0 0.0 0.0 0.0
4000.0 0.4957777333043667 0.0 0.0 0.0 0.0
4010.0 0.4964500695277783 0.0 0.0 0.0 0.0
4020.0 0.4971224057511899 0.0 0.0 0.0 0.0
4030.0 0.49779474197460155 0.0 0.0 0.0 0.0
4040.0 0.49846707819801317 0.0 0.0 0.0 0.0
4050.0 0.49913941442142473 0.0 0.0 0.0 0.0
4060.0 0.4998117506448364 0.0 0.0 0.0 0.0
4070.0 0.500484086868248 0.0 0.0 0.0 0.0
4080.0 0.5011564230916596 0.0 0.0 0.0 0.0
4090.0 0.5018287593150712 0.0 0.0 0.0 0.0
4100.0 0.5025010955384829 0.0 0.0 0.0 0.0
4110.0 0.5031734317618944 0.0 0.0 0.0 0.0
4120.0 0.503845767985306 0.0 0.0 0.0 0.0
4130.0 0.5045181042087176 0.0 0.0 0.0 0.0
4140.0 0.5051904404321292 0.0 0.0 0.0 0.0
4150.0 0.5058627766555408 0.0 0.0 0.0 0.0
4160.0 0.5065351128789525 0.0 0.0 0.0 0.0
4170.0 0.507207449102364 0.0 0.0 0.0 0.0
4180.0 0.5078797853257757 0.0 0.0 0.0 0.0
4190.0 0.5085521215491873 0.0 0.0 0.0 0.0
4200.0 0.509224457772599 0.0 0.0 0.0 0.0
4210.0 0.5098967939960105 0.0 0.0 0.0 0.0
4220.0 0.5105691302194221 0.0 0.0 0.0 0.0
4230.0 0.5112414664428337 0.0 0.0 0.0 0.0
4240.0 0.5119138026662453 0.0 0.0 0.0 0.0
4250.0 0.512586138889657 0.0 0.0 0.0 0.0
4260.0 0.5132584751130685 0.0 0.0 0.0 0.0
4270.0 0.5139308113364802 0.0 0.0 0.0 0.0
4280.0 0.5146031475598918 0.0 0.0 0.0 0.0
4290.0 0.5152754837833035 0.0 0.0 0.0 0.0
4300.0 0.515947820006715 0.0 0.0 0.0 0.0
4310.0 0.5166201562301266 0.0 0.0 0.0 0.0
4320.0 0.5172924924535381 0.0 0.0 0.0 0.0
4330.0 0.5179648286769498 0.0 0.0 0.0 0.0
4340.0 0.5186371649003614 0.0 0.0 0.0 0.0
4350.0 0.519309501123773 0.0 0.0 0.0 0.0
4360.0 0.5199818373471846 0.0 0.0 0.0 0.0
4370.0 0.5206541735705963 0.0 0.0 0.0 0.0
4380.0 0.5213265097940079 0.0 0.0 0.0 0.0
4390.0 0.5219988460174195 0.0 0.0 0.0 0.0
4400.0 0.5226711822408311 0.0 0.0 0.0 0.0
4410.0 0.5233435184642427 0.0 0.0 0.0 0.0
4420.0 0.5240158546876543 0.0 0.0 0.0 0.0
4430.0 0.5246881909110659 0.0 0.0 0.0 0.0
4440.0 0.5253605271344776 0.0 0.0 0.0 0.0
4450.0 0.5260328633578891 0.0 0.0 0.0 0.0
4460.0 0.5267051995813008 0.0 0.0 0.0 0.0
4470.0 0.5273775358047124 0.0 0.0 0.0 0.0
4480.0 0.528049872028124 0.0 0.0 0.0 0.0
4490.0 0.5287222082515356 0.0 0.0 0.0 0.0
4500.0 0.5293112146596859 0.0 0.0 0.0 0.0
4510.0 0.528282942408377 0.0 0.0 0.0 0.0
4520.0 0.5272546701570681 0.0 0.0 0.0 0.0
4530.0 0.5262263979057592 0.0 0.0 0.0 0.0
4540.0 0.5251981256544503 0.0 0.0 0.0 0.0
4550.0 0.5241698534031415 0.0 0.0 0.0 0.0
4560.0 0.5231415811518325 0.0 0.0 0.0 0.0
4570.0 0.5221133089005237 0.0 0.0 0.0 0.0
4580.0 0.5210850366492147 0.0 0.0 0.0 0.0
4590.0 0.5200567643979058 0.0 0.0 0.0 0.0
4600.0 0.5190284921465969 0.0 0.0 0.0 0.0
4610.0 0.518000219895288 0.0 0.0 0.0 0.0
4620.0 0.516971947643979 0.0 0.0 0.0 0.0
4630.0 0.5159436753926702 0.0 0.0 0.0 0.0
4640.0 0.5149154031413613 0.0 0.0 0.0 0.0
4650.0 0.5138871308900524 0.0 0.0 0.0 0.0
4660.0 0.5128588586387435 0.0 0.0 0.0 0.0
4670.0 0.5118305863874346 0.0 0.0 0.0 0.0
4680.0 0.5108023141361256 0.0 0.0 0.0 0.0
4690.0 0.5097740418848168 0.0 0.0 0.0 0.0
4700.0 0.5087457696335078 0.0 0.0 0.0 0.0
4710.0 0.507717497382199 0.0 0.0 0.0 0.0
4720.0 0.50668922513089 0.0 0.0 0.0 0.0
4730.0 0.5056609528795811 0.0 0.0 0.0 0.0
4740.0 0.5046326806282723 0.0 0.0 0.0 0.0
4750.0 0.5036044083769634 0.0 0.0 0.0 0.0
4760.0 0.5025761361256544 0.0 0.0 0.0 0.0
4770.0 0.5015478638743456 0.0 0.0 0.0 0.0
4780.0 0.5005195916230366 0.0 0.0 0.0 0.0
4790.0 0.49949131937172775 0.0 0.0 0.0 0.0
4800.0 0.4984630471204188 0.0 0.0 0.0 0.0
4810.0 0.4974347748691099 0.0 0.0 0.0 0.0
4820.0 0.49640650261780106 0.0 0.0 0.0 0.0
4830.0 0.49537823036649214 0.0 0.0 0.0 0.0
4840.0 0.4943499581151833 0.0 0.0 0.0 0.0
4850.0 0.4933216858638743 0.0 0.0 0.0 0.0
4860.0 0.49229341361256546 0.0 0.0 0.0 0.0
4870.0 0.49126514136125654 0.0 0.0 0.0 0.0
4880.0 0.4902368691099477 0.0 0.0 0.0 0.0
4890.0 0.4892085968586387 0.0 0.0 0.0 0.0
4900.0 0.48818032460732985 0.0 0.0 0.0 0.0
4910.0 0.4871520523560209 0.0 0.0 0.0 0.0
4920.0 0.486123780104712 0.0 0.0 0.0 0.0
4930.0 0.4850955078534031 0.0 0.0 0.0 0.0
4940.0 0.48406723560209425 0.0 0.0 0.0 0.0
4950.0 0.4830389633507853 0.0 0.0 0.0 0.0
4960.0 0.4820106910994764 0.0 0.0 0.0 0.0
4970.0 0.4809824188481675 0.0 0.0 0.0 0.0
4980.0 0.47995414659685864 0.0 0.0 0.0 0.0
4990.0 0.4789258743455497 0.0 0.0 0.0 0.0
5000.0 0.4776960482856691 0.0 0.0 0.0 0.0
5010.0 0.4761496428503713 0.0 0.0 0.0 0.0
5020.0 0.47460323741507343 0.0 0.0 0.0 0.0
5030.0 0.47305683197977555 0.0 0.0 0.0 0.0
5040.0 0.4715104265444778 0.0 0.0 0.0 0.0
5050.0 0.4699640211091799 0.0 0.0 0.0 0.0
5060.0 0.4684176156738821 0.0 0.0 0.0 0.0
5070.0 0.46687121023858424 0.0 0.0 0.0 0.0
5080.0 0.4653248048032865 0.0 0.0 0.0 0.0
5090.0 0.4637783993679886 0.0 0.0 0.0 0.0
5100.0 0.4622319939326907 0.0 0.0 0.0 0.0
5110.0 0.46068558849739294 0.0 0.0 0.0 0.0
5120.0 0.45913918306209506 0.0 0.0 0.0 0.0
5130.0 0.4575927776267973 0.0 0.0 0.0 0.0
5140.0 0.4560463721914994 0.0 0.0 0.0 0.0
5150.0 0.4544999667562015 0.0 0.0 0.0 0.0
5160.0 0.45295356132090375 0.0 0.0 0.0 0.0
5170.0 0.45140715588560587 0.0 0.0 0.0 0.0
5180.0 0.4498607504503081 0.0 0.0 0.0 0.0
5190.0 0.4483143450150102 0.0 0.0 0.0 0.0
5200.0 0.44676793957971245 0.0 0.0 0.0 0.0
5210.0 0.44522153414441457 0.0 0.0 0.0 0.0
5220.0 0.4436751287091168 0.0 0.0 0.0 0.0
5230.0 0.4421287232738189 0.0 0.0 0.0 0.0
5240.0 0.4405823178385211 0.0 0.0 0.0 0.0
5250.0 0.43903591240322326 0.0 0.0 0.0 0.0
5260.0 0.43748950696792543 0.0 0.0 0.0 0.0
5270.0 0.4359431015326276 0.0 0.0 0.0 0.0
5280.0 0.4343966960973298 0.0 0.0 0.0 0.0
5290.0 0.4328502906620319 0.0 0.0 0.0 0.0
5300.0 0.43130388522673413 0.0 0.0 0.0 0.0
5310.0 0.42975747979143625 0.0 0.0 0.0 0.0
5320.0 0.4282110743561385 0.0 0.0 0.0 0.0
5330.0 0.4266646689208406 0.0 0.0 0.0 0.0
5340.0 0.4251182634855428 0.0 0.0 0.0 0.0
5350.0 0.42357185805024494 0.0 0.0 0.0 0.0
5360.0 0.42202545261494717 0.0 0.0 0.0 0.0
5370.0 0.4204790471796493 0.0 0.0 0.0 0.0
5380.0 0.4189326417443514 0.0 0.0 0.0 0.0
5390.0 0.41738623630905364 0.0 0.0 0.0 0.0
5400.0 0.41583983087375576 0.4442552 0.0 0.0 0.0
5410.0 0.414293425438458 0.4442552 0.0 0.0 0.0
5420.0 0.4127470200031601 0.4442552 0.0 0.0 0.0
5430.0 0.4112006145678622 0.4442552 0.0 0.0 0.0
5440.0 0.40965420913256445 0.4442552 0.0 0.0 0.0
5450.0 0.40810780369726657 0.4442552 0.0 0.0 0.0
5460.0 0.4065613982619688 0.4442552 0.0 0.0 0.0
5470.0 0.4050149928266709 0.4442552 0.0 0.0 0.0
5480.0 0.40346858739137315 0.4442552 0.0 0.0 0.0
5490.0 0.40192218195607526 0.4442552 0.0 0.0 0.0
5500.0 0.4003757765207775 0.4442552 0.0 0.0 0.0
5510.0 0.4 0.4456563237696335 0.0 0.0 0.0
5520.0 0.4 0.44750721382198955 0.0 0.0 0.0
5530.0 0.4 0.44935810387434555 0.0 0.0 0.0
5540.0 0.4 0.4512089939267015 0.0 0.0 0.0
5550.0 0.4 0.45305988397905755 0.0 0.0 0.0
5560.0 0.4 0.45491077403141356 0.0 0.0 0.0
5570.0 0.4 0.4567616640837696 0.0 0.0 0.0
5580.0 0.4 0.45861255413612567 0.0 0.0 0.0
5590.0 0.4 0.4604634441884816 0.0 0.0 0.0
5600.0 0.4 0.4623143342408376 0.0 0.0 0.0
5610.0 0.0 0.4641652242931937 0.0 0.0 0.0
5620.0 0.0 0.4660161143455497 0.0 0.0 0.0
5630.0 0.0 0.46786700439790574 0.0 0.0 0.0
5640.0 0.0 0.4697178944502617 0.0 0.0 0.0
5650.0 0.0 0.47156878450261774 0.0 0.0 0.0
5660.0 0.0 0.47341967455497375 0.0 0.0 0.0
5670.0 0.0 0.4752705646073298 0.0 0.0 0.0
5680.0 0.0 0.4771214546596858 0.0 0.0 0.0
5690.0 0.0 0.47897234471204175 0.0 0.0 0.0
5700.0 0.0 0.4808232347643978 0.0 0.0 0.0
5710.0 0.0 0.48267412481675387 0.0 0.0 0.0
5720.0 0.0 0.48452501486910987 0.0 0.0 0.0
5730.0 0.0 0.48637590492146593 0.0 0.0 0.0
5740.0 0.0 0.48822679497382193 0.0 0.0 0.0
5750.0 0.0 0.4900776850261779 0.0 0.0 0.0
5760.0 0.0 0.49192857507853394 0.0 0.0 0.0
5770.0 0.0 0.49377946513089 0.0 0.0 0.0
5780.0 0.0 0.495630355183246 0.0 0.0 0.0
5790.0 0.0 0.49748124523560194 0.0 0.0 0.0
5800.0 0.0 0.499332135287958 0.0 0.0 0.0
5810.0 0.0 0.501183025340314 0.0 0.0 0.0
5820.0 0.0 0.5030339153926701 0.0 0.0 0.0
5830.0 0.0 0.5048848054450261 0.0 0.0 0.0
5840.0 0.0 0.5067356954973822 0.0 0.0 0.0
5850.0 0.0 0.5085865855497381 0.0 0.0 0.0
5860.0 0.0 0.5104374756020941 0.0 0.0 0.0
5870.0 0.0 0.5122883656544501 0.0 0.0 0.0
5880.0 0.0 0.5141392557068062 0.0 0.0 0.0
5890.0 0.0 0.5159901457591622 0.0 0.0 0.0
5900.0 0.0 0.5178410358115182 0.0 0.0 0.0
5910.0 0.0 0.5196919258638742 0.0 0.0 0.0
5920.0 0.0 0.5215428159162302 0.0 0.0 0.0
5930.0 0.0 0.5233937059685863 0.0 0.0 0.0
5940.0 0.0 0.5252445960209423 0.0 0.0 0.0
5950.0 0.0 0.5270954860732984 0.0 0.0 0.0
5960.0 0.0 0.5289463761256543 0.0 0.0 0.0
5970.0 0.0 0.5307972661780104 0.0 0.0 0.0
5980.0 0.0 0.5326481562303663 0.0 0.0 0.0
5990.0 0.0 0.5344990462827224 0.0 0.0 0.0
6000.0 0.0 0.5361736598344953 0.0 0.0 0.0
6010.0 0.0 0.5362072663756838 0.0 0.0 0.0
6020.0 0.0 0.5362408729168724 0.0 0.0 0.0
6030.0 0.0 0.536274479458061 0.0 0.0 0.0
6040.0 0.0 0.5363080859992495 0.0 0.0 0.0
6050.0 0.0 0.536341692540438 0.0 0.0 0.0
6060.0 0.0 0.5363752990816265 0.0 0.0 0.0
6070.0 0.0 0.5364089056228151 0.0 0.0 0.0
6080.0 0.0 0.5364425121640036 0.0 0.0 0.0
6090.0 0.0 0.5364761187051922 0.0 0.0 0.0
6100.0 0.0 0.5365097252463807 0.0 0.0 0.0
6110.0 0.0 0.5365433317875693 0.0 0.0 0.0
6120.0 0.0 0.5365769383287579 0.0 0.0 0.0
6130.0 0.0 0.5366105448699464 0.0 0.0 0.0
6140.0 0.0 0.536644151411135 0.0 0.0 0.0
6150.0 0.0 0.5366777579523235 0.0 0.0 0.0
6160.0 0.0 0.5367113644935121 0.0 0.0 0.0
6170.0 0.0 0.5367449710347006 0.0 0.0 0.0
6180.0 0.0 0.5367785775758892 0.0 0.0 0.0
6190.0 0.0 0.5368121841170778 0.0 0.0 0.0
6200.0 0.0 0.5368457906582663 0.0 0.0 0.0
6210.0 0.0 0.5368793971994549 0.0 0.0 0.0
6220.0 0.0 0.5369130037406434 0.0 0.0 0.0
6230.0 0.0 0.536946610281832 0.0 0.0 0.0
6240.0 0.0 0.5369802168230206 0.0 0.0 0.0
6250.0 0.0 0.5370138233642091 0.0 0.0 0.0
6260.0 0.0 0.5370474299053977 0.0 0.0 0.0
6270.0 0.0 0.5370810364465862 0.0 0.0 0.0
6280.0 0.0 0.5371146429877748 0.0 0.0 0.0
6290.0 0.0 0.5371482495289633 0.0 0.0 0.0
6300.0 0.0 0.5371818560701519 0.0 0.0 0.0
6310.0 0.0 0.5372154626113405 0.0 0.0 0.0
6320.0 0.0 0.537249069152529 0.0 0.0 0.0
6330.0 0.0 0.5372826756937176 0.0 0.0 0.0
6340.0 0.0 0.5373162822349061 0.0 0.0 0.0
6350.0 0.0 0.5373498887760947 0.0 0.0 0.0
6360.0 0.0 0.5373834953172832 0.0 0.0 0.0
6370.0 0.0 0.5374171018584718 0.0 0.0 0.0
6380.0 0.0 0.5374507083996604 0.0 0.0 0.0
6390.0 0.0 0.5374843149408489 0.0 0.0 0.0
6400.0 0.0 0.5375179214820375 0.0 0.0 0.0
6410.0 0.0 0.537551528023226 0.0 0.0 0.0
6420.0 0.0 0.5375851345644146 0.0 0.0 0.0
6430.0 0.0 0.5376187411056031 0.0 0.0 0.0
6440.0 0.0 0.5376523476467917 0.0 0.0 0.0
6450.0 0.0 0.5376859541879803 0.0 0.0 0.0
6460.0 0.0 0.5377195607291688 0.0 0.0 0.0
6470.0 0.0 0.5377531672703574 0.0 0.0 0.0
6480.0 0.0 0.5377867738115459 0.0 0.0 0.0
6490.0 0.0 0.5378203803527345 0.0 0.0 0.0
6500.0 0.0 0.537853986893923 0.0 0.0 0.0
6510.0 0.0 0.5373528842148506 0.0 0.0 0.0
6520.0 0.0 0.536234100195132 0.0 0.0 0.0
6530.0 0.0 0.5351153161754134 0.0 0.0 0.0
6540.0 0.0 0.5339965321556948 0.0 0.0 0.0
6550.0 0.0 0.5328777481359762 0.0 0.0 0.0
6560.0 0.0 0.5317589641162576 0.0 0.0 0.0
6570.0 0.0 0.530640180096539 0.0 0.0 0.0
6580.0 0.0 0.5295213960768205 0.0 0.0 0.0
6590.0 0.0 0.5284026120571018 0.0 0.0 0.0
6600.0 0.0 0.5272838280373832 0.0 0.0 0.0
6610.0 0.0 0.5261650440176646 0.0 0.0 0.0
6620.0 0.0 0.525046259997946 0.0 0.0 0.0
6630.0 0.0 0.5239274759782274 0.0 0.0 0.0
6640.0 0.0 0.5228086919585088 0.0 0.0 0.0
6650.0 0.0 0.5216899079387902 0.0 0.0 0.0
6660.0 0.0 0.5205711239190717 0.0 0.0 0.0
6670.0 0.0 0.519452339899353 0.0 0.0 0.0
6680.0 0.0 0.5183335558796344 0.0 0.0 0.0
6690.0 0.0 0.5172147718599158 0.0 0.0 0.0
6700.0 0.0 0.5160959878401972 0.0 0.0 0.0
6710.0 0.0 0.5149772038204786 0.0 0.0 0.0
6720.0 0.0 0.51385841980076 0.0 0.0 0.0
6730.0 0.0 0.5127396357810414 0.0 0.0 0.0
6740.0 0.0 0.5116208517613229 0.0 0.0 0.0
6750.0 0.0 0.5105020677416042 0.0 0.0 0.0
6760.0 0.0 0.5093832837218856 0.0 0.0 0.0
6770.0 0.0 0.508264499702167 0.0 0.0 0.0
6780.0 0.0 0.5071457156824484 0.0 0.0 0.0
6790.0 0.0 0.5060269316627298 0.0 0.0 0.0
6800.0 0.0 0.5049081476430112 0.0 0.0 0.0
6810.0 0.0 0.5037893636232926 0.0 0.0 0.0
6820.0 0.0 0.5026705796035741 0.0 0.0 0.0
6830.0 0.0 0.5015517955838554 0.0 0.0 0.0
6840.0 0.0 0.5004330115641368 0.0 0.0 0.0
6850.0 0.0 0.49931422754441823 0.0 0.0 0.0
6860.0 0.0 0.4981954435246996 0.0 0.0 0.0
6870.0 0.0 0.497076659504981 0.0 0.0 0.0
6880.0 0.0 0.4959578754852624 0.0 0.0 0.0
6890.0 0.0 0.49483909146554383 0.0 0.0 0.0
6900.0 0.0 0.49372030744582523 0.0 0.0 0.0
6910.0 0.0 0.49260152342610664 0.0 0.0 0.0
6920.0 0.0 0.49148273940638804 0.0 0.0 0.0
6930.0 0.0 0.49036395538666944 0.0 0.0 0.0
6940.0 0.0 0.4892451713669508 0.0 0.0 0.0
6950.0 0.0 0.4881263873472322 0.0 0.0 0.0
6960.0 0.0 0.4870076033275136 0.0 0.0 0.0
6970.0 0.0 0.48588881930779504 0.0 0.0 0.0
6980.0 0.0 0.48477003528807644 0.0 0.0 0.0
6990.0 0.0 0.48365125126835784 0.0 0.0 0.0
7000.0 0.0 0.4818851215452373 0.0 0.0 0.0
7010.0 0.0 0.4799353417573519 0.0 0.0 0.0
7020.0 0.0 0.4779855619694666 0.0 0.0 0.0
7030.0 0.0 0.4760357821815812 0.0 0.0 0.0
7040.0 0.0 0.4740860023936958 0.0 0.0 0.0
7050.0 0.0 0.4721362226058105 0.0 0.0 0.0
7060.0 0.0 0.4701864428179251 0.0 0.0 0.0
7070.0 0.0 0.4682366630300397 0.0 0.0 0.0
7080.0 0.0 0.4662868832421544 0.0 0.0 0.0
7090.0 0.0 0.464337103454269 0.0 0.0 0.0
7100.0 0.0 0.4623873236663836 0.0 0.0 0.0
7110.0 0.0 0.4604375438784983 0.0 0.0 0.0
7120.0 0.0 0.45848776409061287 0.0 0.0 0.0
7130.0 0.0 0.4565379843027275 0.0 0.0 0.0
7140.0 0.0 0.45458820451484216 0.0 0.0 0.0
7150.0 0.0 0.4526384247269568 0.4339482381845831 0.0 0.0
7160.0 0.0 0.4506886449390714 0.43609972041948925 0.0 0.0
7170.0 0.0 0.4487388651511861 0.4382512026543953 0.0 0.0
7180.0 0.0 0.4467890853633007 0.4404026848893014 0.0 0.0
7190.0 0.0 0.4448393055754153 0.4425541671242075 0.0 0.0
7200.0 0.0 0.44288952578753 0.4447056493591136 0.0 0.0
7210.0 0.0 0.4409397459996446 0.4468571315940197 0.0 0.0
7220.0 0.0 0.4389899662117592 0.44900861382892576 0.0 0.0
7230.0 0.0 0.4370401864238739 0.4511600960638318 0.0 0.0
7240.0 0.0 0.43509040663598847 0.45331157829873786 0.0 0.0
7250.0 0.0 0.43314062684810306 0.45546306053364405 0.0 0.0
7260.0 0.0 0.43119084706021776 0.45761454276855007 0.0 0.0
7270.0 0.0 0.42924106727233236 0.45976602500345615 0.0 0.0
7280.0 0.0 0.427291287484447 0.4619175072383622 0.0 0.0
7290.0 0.0 0.42534150769656165 0.4640689894732683 0.0 0.0
7300.0 0.0 0.4233917279086763 0.46622047170817443 0.0 0.0
7310.0 0.0 0.4214419481207909 0.4683719539430805 0.0 0.0
7320.0 0.0 0.4194921683329056 0.4705234361779866 0.0 0.0
7330.0 0.0 0.4175423885450202 0.47267491841289266 0.0 0.0
7340.0 0.0 0.4155926087571348 0.4748264006477988 0.0 0.0
7350.0 0.0 0.4136428289692495 0.4769778828827049 0.0 0.0
7360.0 0.0 0.41169304918136407 0.47912936511761095 0.0 0.0
7370.0 0.0 0.40974326939347866 0.48128084735251697 0.0 0.0
7380.0 0.0 0.40779348960559325 0.48343232958742316 0.0 0.0
7390.0 0.0 0.40584370981770795 0.48558381182232924 0.0 0.0
7400.0 0.0 0.40389393002982255 0.48773529405723526 0.0 0.0
7410.0 0.0 0.0 0.48988677629214133 0.0 0.0
7420.0 0.0 0.0 0.4920382585270474 0.0 0.0
7430.0 0.0 0.0 0.49418974076195354 0.0 0.0
7440.0 0.0 0.0 0.4963412229968596 0.0 0.0
7450.0 0.0 0.0 0.4984927052317657 0.0 0.0
7460.0 0.0 0.0 0.5006441874666717 0.0 0.0
7470.0 0.0 0.0 0.5027956697015779 0.0 0.0
7480.0 0.0 0.0 0.504947151936484 0.0 0.0
7490.0 0.0 0.0 0.50709863417139 0.0 0.0
7500.0 0.0 0.0 0.5091261648603475 0.0 0.0
7510.0 0.0 0.0 0.510428663903824 0.0 0.0
7520.0 0.0 0.0 0.5117311629473006 0.0 0.0
7530.0 0.0 0.0 0.513033661990777 0.0 0.0
7540.0 0.0 0.0 0.5143361610342535 0.0 0.0
7550.0 0.0 0.0 0.5156386600777301 0.0 0.0
7560.0 0.0 0.0 0.5169411591212065 0.0 0.0
7570.0 0.0 0.0 0.5182436581646831 0.0 0.0
7580.0 0.0 0.0 0.5195461572081596 0.0 0.0
7590.0 0.0 0.0 0.520848656251636 0.0 0.0
7600.0 0.0 0.0 0.5221511552951127 0.0 0.0
7610.0 0.0 0.0 0.5234536543385891 0.0 0.0
7620.0 0.0 0.0 0.5247561533820656 0.0 0.0
7630.0 0.0 0.0 0.5260586524255422 0.0 0.0
7640.0 0.0 0.0 0.5273611514690186 0.0 0.0
7650.0 0.0 0.0 0.5286636505124952 0.0 0.0
7660.0 0.0 0.0 0.5299661495559717 0.0 0.0
7670.0 0.0 0.0 0.5312686485994481 0.0 0.0
7680.0 0.0 0.0 0.5325711476429247 0.0 0.0
7690.0 0.0 0.0 0.5338736466864012 0.0 0.0
7700.0 0.0 0.0 0.5351761457298777 0.0 0.0
7710.0 0.0 0.0 0.5364786447733543 0.0 0.0
7720.0 0.0 0.0 0.5377811438168307 0.0 0.0
7730.0 0.0 0.0 0.5390836428603073 0.0 0.0
7740.0 0.0 0.0 0.5403861419037838 0.0 0.0
7750.0 0.0 0.0 0.5416886409472602 0.0 0.0
7760.0 0.0 0.0 0.5429911399907368 0.0 0.0
7770.0 0.0 0.0 0.5442936390342134 0.0 0.0
7780.0 0.0 0.0 0.5455961380776898 0.0 0.0
7790.0 0.0 0.0 0.5468986371211664 0.0 0.0
7800.0 0.0 0.0 0.5482011361646428 0.0 0.0
7810.0 0.0 0.0 0.5495036352081194 0.0 0.0
7820.0 0.0 0.0 0.5508061342515959 0.0 0.0
7830.0 0.0 0.0 0.5521086332950723 0.0 0.0
7840.0 0.0 0.0 0.5534111323385489 0.0 0.0
7850.0 0.0 0.0 0.5547136313820253 0.0 0.0
7860.0 0.0 0.0 0.5560161304255019 0.0 0.0
7870.0 0.0 0.0 0.5573186294689785 0.0 0.0
7880.0 0.0 0.0 0.5586211285124549 0.0 0.0
7890.0 0.0 0.0 0.5599236275559315 0.0 0.0
7900.0 0.0 0.0 0.561226126599408 0.0 0.0
7910.0 0.0 0.0 0.5625286256428844 0.0 0.0
7920.0 0.0 0.0 0.563831124686361 0.0 0.0
7930.0 0.0 0.0 0.5651336237298374 0.0 0.0
7940.0 0.0 0.0 0.566436122773314 0.0 0.0
7950.0 0.0 0.0 0.5677386218167906 0.0 0.0
7960.0 0.0 0.0 0.569041120860267 0.0 0.0
7970.0 0.0 0.0 0.5703436199037436 0.0 0.0
7980.0 0.0 0.0 0.5716461189472201 0.0 0.0
7990.0 0.0 0.0 0.5729486179906965 0.0 0.0
8000.0 0.0 0.0 0.5738132581833982 0.0 0.0
8010.0 0.0 0.0 0.5742166630774397 0.0 0.0
8020.0 0.0 0.0 0.5746200679714811 0.0 0.0
8030.0 0.0 0.0 0.5750234728655225 0.0 0.0
8040.0 0.0 0.0 0.5754268777595639 0.0 0.0
8050.0 0.0 0.0 0.5758302826536054 0.0 0.0
8060.0 0.0 0.0 0.5762336875476468 0.0 0.0
8070.0 0.0 0.0 0.5766370924416883 0.0 0.0
8080.0 0.0 0.0 0.5770404973357297 0.0 0.0
8090.0 0.0 0.0 0.5774439022297712 0.0 0.0
8100.0 0.0 0.0 0.5778473071238126 0.0 0.0
8110.0 0.0 0.0 0.578250712017854 0.0 0.0
8120.0 0.0 0.0 0.5786541169118954 0.0 0.0
8130.0 0.0 0.0 0.5790575218059368 0.0 0.0
8140.0 0.0 0.0 0.5794609266999783 0.0 0.0
8150.0 0.0 0.0 0.5798643315940198 0.0 0.0
8160.0 0.0 0.0 0.5802677364880612 0.0 0.0
8170.0 0.0 0.0 0.5806711413821026 0.0 0.0
8180.0 0.0 0.0 0.5810745462761441 0.0 0.0
8190.0 0.0 0.0 0.5814779511701855 0.0 0.0
8200.0 0.0 0.0 0.581881356064227 0.0 0.0
8210.0 0.0 0.0 0.5822847609582683 0.0 0.0
8220.0 0.0 0.0 0.5826881658523098 0.0 0.0
8230.0 0.0 0.0 0.5830915707463512 0.0 0.0
8240.0 0.0 0.0 0.5834949756403928 0.0 0.0
8250.0 0.0 0.0 0.5838983805344341 0.0 0.0
8260.0 0.0 0.0 0.5843017854284756 0.0 0.0
8270.0 0.0 0.0 0.584705190322517 0.0 0.0
8280.0 0.0 0.0 0.5851085952165584 0.0 0.0
8290.0 0.0 0.0 0.5855120001105999 0.0 0.0
8300.0 0.0 0.0 0.5859154050046412 0.0 0.0
8310.0 0.0 0.0 0.5863188098986827 0.0 0.0
8320.0 0.0 0.0 0.5867222147927242 0.0 0.0
8330.0 0.0 0.0 0.5871256196867657 0.0 0.0
8340.0 0.0 0.0 0.587529024580807 0.0 0.0
8350.0 0.0 0.0 0.5879324294748485 0.0 0.0
8360.0 0.0 0.0 0.5883358343688899 0.0 0.0
8370.0 0.0 0.0 0.5887392392629314 0.0 0.0
8380.0 0.0 0.0 0.5891426441569728 0.0 0.0
8390.0 0.0 0.0 0.5895460490510142 0.0 0.0
8400.0 0.0 0.0 0.5899494539450556 0.0 0.0
8410.0 0.0 0.0 0.5903528588390972 0.0 0.0
8420.0 0.0 0.0 0.5907562637331386 0.0 0.0
8430.0 0.0 0.0 0.59115966862718 0.0 0.0
8440.0 0.0 0.0 0.5915630735212214 0.0 0.0
8450.0 0.0 0.0 0.5919664784152628 0.0 0.0
8460.0 0.0 0.0 0.5923698833093043 0.0 0.0
8470.0 0.0 0.0 0.5927732882033457 0.0 0.0
8480.0 0.0 0.0 0.5931766930973871 0.0 0.0
8490.0 0.0 0.0 0.5935800979914285 0.0 0.0
8500.0 0.0 0.0 0.5939835028854701 0.0 0.0
8510.0 0.0 0.0 0.5932098440305729 0.0 0.0
8520.0 0.0 0.0 0.5922349541366302 0.0 0.0
8530.0 0.0 0.0 0.5912600642426876 0.0 0.0
8540.0 0.0 0.0 0.5902851743487448 0.0 0.0
8550.0 0.0 0.0 0.5893102844548022 0.0 0.0
8560.0 0.0 0.0 0.5883353945608595 0.0 0.0
8570.0 0.0 0.0 0.5873605046669168 0.0 0.0
8580.0 0.0 0.0 0.5863856147729741 0.0 0.0
8590.0 0.0 0.0 0.5854107248790315 0.0 0.0
8600.0 0.0 0.0 0.5844358349850888 0.0 0.0
8610.0 0.0 0.0 0.5834609450911461 0.0 0.0
8620.0 0.0 0.0 0.5824860551972034 0.0 0.0
8630.0 0.0 0.0 0.5815111653032606 0.0 0.0
8640.0 0.0 0.0 0.580536275409318 0.0 0.0
8650.0 0.0 0.0 0.5795613855153754 0.0 0.0
8660.0 0.0 0.0 0.5785864956214327 0.0 0.0
8670.0 0.0 0.0 0.5776116057274899 0.0 0.0
8680.0 0.0 0.0 0.5766367158335473 0.0 0.0
8690.0 0.0 0.0 0.5756618259396046 0.0 0.0
8700.0 0.0 0.0 0.574686936045662 0.0 0.0
8710.0 0.0 0.0 0.5737120461517192 0.0 0.0
8720.0 0.0 0.0 0.5727371562577765 0.0 0.0
8730.0 0.0 0.0 0.5717622663638339 0.0 0.0
8740.0 0.0 0.0 0.5707873764698912 0.0 0.0
8750.0 0.0 0.0 0.5698124865759485 0.0 0.0
8760.0 0.0 0.0 0.5688375966820058 0.0 0.0
8770.0 0.0 0.0 0.5678627067880632 0.0 0.0
8780.0 0.0 0.0 0.5668878168941205 0.0 0.0
8790.0 0.0 0.0 0.5659129270001778 0.0 0.0
8800.0 0.0 0.0 0.564938037106235 0.0 0.0
8810.0 0.0 0.0 0.5639631472122925 0.0 0.0
8820.0 0.0 0.0 0.5629882573183498 0.0 0.0
8830.0 0.0 0.0 0.5620133674244071 0.0 0.0
8840.0 0.0 0.0 0.5610384775304643 0.0 0.0
8850.0 0.0 0.0 0.5600635876365216 0.0 0.0
8860.0 0.0 0.0 0.559088697742579 0.0 0.0
8870.0 0.0 0.0 0.5581138078486364 0.0 0.0
8880.0 0.0 0.0 0.5571389179546936 0.0 0.0
8890.0 0.0 0.0 0.5561640280607509 0.0 0.0
8900.0 0.0 0.0 0.5551891381668083 0.0 0.0
8910.0 0.0 0.0 0.5542142482728656 0.0 0.0
8920.0 0.0 0.0 0.5532393583789229 0.0 0.0
8930.0 0.0 0.0 0.5522644684849802 0.0 0.0
8940.0 0.0 0.0 0.5512895785910376 0.0 0.0
8950.0 0.0 0.0 0.5503146886970949 0.0 0.0
8960.0 0.0 0.0 0.5493397988031522 0.0 0.0
8970.0 0.0 0.0 0.5483649089092094 0.0 0.0
8980.0 0.0 0.0 0.5473900190152668 0.0 0.0
8990.0 0.0 0.0 0.5464151291213242 0.0 0.0
9000.0 0.0 0.0 0.5454402392273815 0.0 0.0
9010.0 0.0 0.0 0.5439544982643527 0.0 0.0
9020.0 0.0 0.0 0.5406680650713775 0.0 0.0
9030.0 0.0 0.0 0.5373816318784023 0.0 0.0
9040.0 0.0 0.0 0.534095198685427 0.0 0.0
9050.0 0.0 0.0 0.5308087654924518 0.0 0.0
9060.0 0.0 0.0 0.5275223322994765 0.0 0.0
9070.0 0.0 0.0 0.5242358991065013 0.0 0.0
9080.0 0.0 0.0 0.5209494659135261 0.0 0.0
9090.0 0.0 0.0 0.5176630327205508 0.0 0.0
9100.0 0.0 0.0 0.5143765995275755 0.0 0.0
9110.0 0.0 0.0 0.5110901663346004 0.0 0.0
9120.0 0.0 0.0 0.5078037331416251 0.0 0.0
9130.0 0.0 0.0 0.5045172999486498 0.0 0.0
9140.0 0.0 0.0 0.5012308667556745 0.0 0.0
9150.0 0.0 0.0 0.4979444335626993 0.0 0.0
9160.0 0.0 0.0 0.49465800036972407 0.0 0.0
9170.0 0.0 0.0 0.4913715671767488 0.0 0.0
9180.0 0.0 0.0 0.48808513398377357 0.0 0.0
9190.0 0.0 0.0 0.48479870079079834 0.0 0.0
9200.0 0.0 0.0 0.48151226759782306 0.0 0.0
9210.0 0.0 0.0 0.47822583440484784 0.0 0.0
9220.0 0.0 0.0 0.47493940121187256 0.0 0.0
9230.0 0.0 0.0 0.47165296801889733 0.0 0.0
9240.0 0.0 0.0 0.4683665348259221 0.0 0.0
9250.0 0.0 0.0 0.46508010163294683 0.0 0.0
9260.0 0.0 0.0 0.4617936684399716 0.0 0.0
9270.0 0.0 0.0 0.4585072352469963 0.0 0.0
9280.0 0.0 0.0 0.4552208020540211 0.0 0.0
9290.0 0.0 0.0 0.4519343688610459 0.0 0.0
9300.0 0.0 0.0 0.4486479356680706 0.0 0.0
9310.0 0.0 0.0 0.44536150247509537 0.0 0.0
9320.0 0.0 0.0 0.44207506928212015 0.0 0.0
9330.0 0.0 0.0 0.43878863608914487 0.0 0.0
9340.0 0.0 0.0 0.43550220289616964 0.0 0.0
9350.0 0.0 0.0 0.4322157697031944 0.0 0.0
9360.0 0.0 0.0 0.42892933651021914 0.0 0.0
9370.0 0.0 0.0 0.4256429033172439 0.0 0.0
9380.0 0.0 0.0 0.4223564701242686 0.0 0.0
9390.0 0.0 0.0 0.4190700369312934 0.0 0.0
9400.0 0.0 0.0 0.4157836037383181 0.0 0.0
9410.0 0.0 0.0 0.41249717054534285 0.0 0.0
9420.0 0.0 0.0 0.4092107373523677 0.0 0.0
9430.0 0.0 0.0 0.40592430415939235 0.0 0.0
9440.0 0.0 0.0 0.4026378709664171 0.0 0.0
9450.0 0.0 0.0 0.39935143777344195 0.0 0.0
9460.0 0.0 0.0 0.3960650045804666 0.0 0.0
9470.0 0.0 0.0 0.3927785713874914 0.0 0.0
9480.0 0.0 0.0 0.38949213819451617 0.0 0.0
9490.0 0.0 0.0 0.3862057050015409 0.0 0.0
9500.0 0.0 0.0 0.3846808 0.0 0.0
9510.0 0.0 0.0 0.3846808 0.0 0.0
9520.0 0.0 0.0 0.3846808 0.0 0.0
9530.0 0.0 0.0 0.3846808 0.0 0.0
9540.0 0.0 0.0 0.3846808 0.0 0.0
9550.0 0.0 0.0 0.3846808 0.0 0.0
9560.0 0.0 0.0 0.3846808 0.0 0.0
9570.0 0.0 0.0 0.3846808 0.0 0.0
9580.0 0.0 0.0 0.3846808 0.0 0.0
9590.0 0.0 0.0 0.3846808 0.0 0.0
9600.0 0.0 0.0 0.3846808 0.455086383063433 0.0
9610.0 0.0 0.0 0.3846808 0.4565990617900306 0.0
9620.0 0.0 0.0 0.3846808 0.4581117405166284 0.0
9630.0 0.0 0.0 0.3846808 0.459624419243226 0.0
9640.0 0.0 0.0 0.3846808 0.4611370979698237 0.0
9650.0 0.0 0.0 0.3846808 0.4626497766964214 0.0
9660.0 0.0 0.0 0.3846808 0.4641624554230191 0.0
9670.0 0.0 0.0 0.3846808 0.46567513414961675 0.0
9680.0 0.0 0.0 0.3846808 0.46718781287621447 0.0
9690.0 0.0 0.0 0.3846808 0.46870049160281213 0.0
9700.0 0.0 0.0 0.3846808 0.47021317032940985 0.0
9710.0 0.0 0.0 0.3846808 0.47172584905600745 0.0
9720.0 0.0 0.0 0.3846808 0.4732385277826051 0.0
9730.0 0.0 0.0 0.3846808 0.4747512065092028 0.0
9740.0 0.0 0.0 0.3846808 0.4762638852358005 0.0
9750.0 0.0 0.0 0.3846808 0.4777765639623982 0.0
9760.0 0.0 0.0 0.3846808 0.47928924268899586 0.0
9770.0 0.0 0.0 0.3846808 0.4808019214155936 0.0
9780.0 0.0 0.0 0.3846808 0.4823146001421912 0.0
9790.0 0.0 0.0 0.3846808 0.48382727886878896 0.0
9800.0 0.0 0.0 0.3846808 0.48533995759538656 0.0
9810.0 0.0 0.0 0.3846808 0.4868526363219843 0.0
9820.0 0.0 0.0 0.3846808 0.48836531504858194 0.0
9830.0 0.0 0.0 0.3846808 0.48987799377517965 0.0
9840.0 0.0 0.0 0.3846808 0.4913906725017773 0.0
9850.0 0.0 0.0 0.3846808 0.49290335122837503 0.0
9860.0 0.0 0.0 0.0 0.4944160299549727 0.0
9870.0 0.0 0.0 0.0 0.4959287086815704 0.0
9880.0 0.0 0.0 0.0 0.497441387408168 0.0
9890.0 0.0 0.0 0.0 0.4989540661347658 0.0
9900.0 0.0 0.0 0.0 0.5004667448613634 0.0
9910.0 0.0 0.0 0.0 0.5019794235879611 0.0
9920.0 0.0 0.0 0.0 0.5034921023145588 0.0
9930.0 0.0 0.0 0.0 0.5050047810411565 0.0
9940.0 0.0 0.0 0.0 0.5065174597677541 0.0
9950.0 0.0 0.0 0.0 0.5080301384943517 0.0
9960.0 0.0 0.0 0.0 0.5095428172209495 0.0
9970.0 0.0 0.0 0.0 0.5110554959475472 0.0
9980.0 0.0 0.0 0.0 0.5125681746741448 0.0
9990.0 0.0 0.0 0.0 0.5140808534007425 0.0
10000.0 0.0 0.0 0.0 0.5155935321273403 0.0
10010.0 0.0 0.0 0.0 0.5165159945227548 0.0
10020.0 0.0 0.0 0.0 0.5173728773258155 0.0
10030.0 0.0 0.0 0.0 0.5182297601288763 0.0
10040.0 0.0 0.0 0.0 0.5190866429319371 0.0
10050.0 0.0 0.0 0.0 0.519943525734998 0.0
10060.0 0.0 0.0 0.0 0.5208004085380588 0.0
10070.0 0.0 0.0 0.0 0.5216572913411196 0.0
10080.0 0.0 0.0 0.0 0.5225141741441804 0.0
10090.0 0.0 0.0 0.0 0.5233710569472412 0.0
10100.0 0.0 0.0 0.0 0.5242279397503021 0.0
10110.0 0.0 0.0 0.0 0.5250848225533629 0.0
10120.0 0.0 0.0 0.0 0.5259417053564237 0.0
10130.0 0.0 0.0 0.0 0.5267985881594844 0.0
10140.0 0.0 0.0 0.0 0.5276554709625453 0.0
10150.0 0.0 0.0 0.0 0.5285123537656061 0.0
10160.0 0.0 0.0 0.0 0.529369236568667 0.0
10170.0 0.0 0.0 0.0 0.5302261193717278 0.0
10180.0 0.0 0.0 0.0 0.5310830021747885 0.0
10190.0 0.0 0.0 0.0 0.5319398849778494 0.0
10200.0 0.0 0.0 0.0 0.5327967677809101 0.0
10210.0 0.0 0.0 0.0 0.533653650583971 0.0
10220.0 0.0 0.0 0.0 0.5345105333870318 0.0
10230.0 0.0 0.0 0.0 0.5353674161900926 0.0
10240.0 0.0 0.0 0.0 0.5362242989931535 0.0
10250.0 0.0 0.0 0.0 0.5370811817962142 0.0
10260.0 0.0 0.0 0.0 0.5379380645992751 0.0
10270.0 0.0 0.0 0.0 0.5387949474023358 0.0
10280.0 0.0 0.0 0.0 0.5396518302053968 0.0
10290.0 0.0 0.0 0.0 0.5405087130084575 0.0
10300.0 0.0 0.0 0.0 0.5413655958115183 0.0
10310.0 0.0 0.0 0.0 0.5422224786145792 0.0
10320.0 0.0 0.0 0.0 0.5430793614176399 0.0
10330.0 0.0 0.0 0.0 0.5439362442207009 0.0
10340.0 0.0 0.0 0.0 0.5447931270237616 0.0
10350.0 0.0 0.0 0.0 0.5456500098268224 0.0
10360.0 0.0 0.0 0.0 0.5465068926298832 0.0
10370.0 0.0 0.0 0.0 0.547363775432944 0.0
10380.0 0.0 0.0 0.0 0.5482206582360049 0.0
10390.0 0.0 0.0 0.0 0.5490775410390657 0.0
10400.0 0.0 0.0 0.0 0.5499344238421265 0.0
10410.0 0.0 0.0 0.0 0.5507913066451873 0.0
10420.0 0.0 0.0 0.0 0.5516481894482481 0.0
10430.0 0.0 0.0 0.0 0.5525050722513088 0.0
10440.0 0.0 0.0 0.0 0.5533619550543698 0.0
10450.0 0.0 0.0 0.0 0.5542188378574305 0.0
10460.0 0.0 0.0 0.0 0.5550757206604914 0.0
10470.0 0.0 0.0 0.0 0.5559326034635522 0.0
10480.0 0.0 0.0 0.0 0.556789486266613 0.0
10490.0 0.0 0.0 0.0 0.5576463690696738 0.0
10500.0 0.0 0.0 0.0 0.5583782870235039 0.0
10510.0 0.0 0.0 0.0 0.55871448295477 0.0
10520.0 0.0 0.0 0.0 0.559050678886036 0.0
10530.0 0.0 0.0 0.0 0.559386874817302 0.0
10540.0 0.0 0.0 0.0 0.5597230707485681 0.0
10550.0 0.0 0.0 0.0 0.5600592666798341 0.0
10560.0 0.0 0.0 0.0 0.5603954626111002 0.0
10570.0 0.0 0.0 0.0 0.5607316585423663 0.0
10580.0 0.0 0.0 0.0 0.5610678544736323 0.0
10590.0 0.0 0.0 0.0 0.5614040504048984 0.0
10600.0 0.0 0.0 0.0 0.5617402463361644 0.0
10610.0 0.0 0.0 0.0 0.5620764422674304 0.0
10620.0 0.0 0.0 0.0 0.5624126381986965 0.0
10630.0 0.0 0.0 0.0 0.5627488341299625 0.0
10640.0 0.0 0.0 0.0 0.5630850300612286 0.0
10650.0 0.0 0.0 0.0 0.5634212259924947 0.0
10660.0 0.0 0.0 0.0 0.5637574219237607 0.0
10670.0 0.0 0.0 0.0 0.5640936178550268 0.0
10680.0 0.0 0.0 0.0 0.5644298137862928 0.0
10690.0 0.0 0.0 0.0 0.5647660097175587 0.0
10700.0 0.0 0.0 0.0 0.5651022056488249 0.0
10710.0 0.0 0.0 0.0 0.5654384015800908 0.0
10720.0 0.0 0.0 0.0 0.565774597511357 0.0
10730.0 0.0 0.0 0.0 0.5661107934426229 0.0
10740.0 0.0 0.0 0.0 0.566446989373889 0.0
10750.0 0.0 0.0 0.0 0.5667831853051551 0.0
10760.0 0.0 0.0 0.0 0.5671193812364211 0.0
10770.0 0.0 0.0 0.0 0.5674555771676871 0.0
10780.0 0.0 0.0 0.0 0.5677917730989532 0.0
10790.0 0.0 0.0 0.0 0.5681279690302192 0.0
10800.0 0.0 0.0 0.0 0.5684641649614853 0.0
10810.0 0.0 0.0 0.0 0.5688003608927513 0.0
10820.0 0.0 0.0 0.0 0.5691365568240173 0.0
10830.0 0.0 0.0 0.0 0.5694727527552835 0.0
10840.0 0.0 0.0 0.0 0.5698089486865495 0.0
10850.0 0.0 0.0 0.0 0.5701451446178155 0.0
10860.0 0.0 0.0 0.0 0.5704813405490816 0.0
10870.0 0.0 0.0 0.0 0.5708175364803476 0.0
10880.0 0.0 0.0 0.0 0.5711537324116137 0.0
10890.0 0.0 0.0 0.0 0.5714899283428797 0.0
10900.0 0.0 0.0 0.0 0.5718261242741457 0.0
10910.0 0.0 0.0 0.0 0.5721623202054119 0.0
10920.0 0.0 0.0 0.0 0.5724985161366779 0.0
10930.0 0.0 0.0 0.0 0.5728347120679439 0.0
10940.0 0.0 0.0 0.0 0.57317090799921 0.0
10950.0 0.0 0.0 0.0 0.573507103930476 0.0
10960.0 0.0 0.0 0.0 0.5738432998617421 0.0
10970.0 0.0 0.0 0.0 0.5741794957930081 0.0
10980.0 0.0 0.0 0.0 0.5745156917242741 0.0
10990.0 0.0 0.0 0.0 0.5748518876555402 0.0
11000.0 0.0 0.0 0.0 0.5751880835868063 0.0
11010.0 0.0 0.0 0.0 0.5751346313253013 0.0
11020.0 0.0 0.0 0.0 0.5748320597274345 0.0
11030.0 0.0 0.0 0.0 0.5745294881295675 0.0
11040.0 0.0 0.0 0.0 0.5742269165317007 0.0
11050.0 0.0 0.0 0.0 0.5739243449338337 0.0
11060.0 0.0 0.0 0.0 0.5736217733359669 0.0
11070.0 0.0 0.0 0.0 0.5733192017381 0.0
11080.0 0.0 0.0 0.0 0.5730166301402332 0.0
11090.0 0.0 0.0 0.0 0.5727140585423663 0.0
11100.0 0.0 0.0 0.0 0.5724114869444994 0.0
11110.0 0.0 0.0 0.0 0.5721089153466326 0.0
11120.0 0.0 0.0 0.0 0.5718063437487656 0.0
11130.0 0.0 0.0 0.0 0.5715037721508988 0.0
11140.0 0.0 0.0 0.0 0.5712012005530318 0.0
11150.0 0.0 0.0 0.0 0.570898628955165 0.0
11160.0 0.0 0.0 0.0 0.5705960573572981 0.0
11170.0 0.0 0.0 0.0 0.5702934857594312 0.0
11180.0 0.0 0.0 0.0 0.5699909141615643 0.0
11190.0 0.0 0.0 0.0 0.5696883425636975 0.0
11200.0 0.0 0.0 0.0 0.5693857709658307 0.0
11210.0 0.0 0.0 0.0 0.5690831993679637 0.0
11220.0 0.0 0.0 0.0 0.5687806277700969 0.0
11230.0 0.0 0.0 0.0 0.56847805617223 0.0
11240.0 0.0 0.0 0.0 0.5681754845743631 0.0
11250.0 0.0 0.0 0.0 0.5678729129764962 0.0
11260.0 0.0 0.0 0.0 0.5675703413786293 0.0
11270.0 0.0 0.0 0.0 0.5672677697807624 0.0
11280.0 0.0 0.0 0.0 0.5669651981828955 0.0
11290.0 0.0 0.0 0.0 0.5666626265850286 0.0
11300.0 0.0 0.0 0.0 0.5663600549871618 0.0
11310.0 0.0 0.0 0.0 0.566057483389295 0.0
11320.0 0.0 0.0 0.0 0.5657549117914281 0.0
11330.0 0.0 0.0 0.0 0.5654523401935612 0.0
11340.0 0.0 0.0 0.0 0.5651497685956943 0.0
11350.0 0.0 0.0 0.0 0.5648471969978274 0.0
11360.0 0.0 0.0 0.0 0.5645446253999605 0.0
11370.0 0.0 0.0 0.0 0.5642420538020937 0.0
11380.0 0.0 0.0 0.0 0.5639394822042267 0.0
11390.0 0.0 0.0 0.0 0.5636369106063599 0.0
11400.0 0.0 0.0 0.0 0.563334339008493 0.0
11410.0 0.0 0.0 0.0 0.5630317674106261 0.0
11420.0 0.0 0.0 0.0 0.5627291958127593 0.0
11430.0 0.0 0.0 0.0 0.5624266242148924 0.0
11440.0 0.0 0.0 0.0 0.5621240526170256 0.0
11450.0 0.0 0.0 0.0 0.5618214810191586 0.0
11460.0 0.0 0.0 0.0 0.5615189094212918 0.0
11470.0 0.0 0.0 0.0 0.5612163378234248 0.0
11480.0 0.0 0.0 0.0 0.560913766225558 0.0
11490.0 0.0 0.0 0.0 0.560611194627691 0.0
11500.0 0.0 0.0 0.0 0.5603086230298242 0.0
11510.0 0.0 0.0 0.0 0.5600060514319574 0.0
11520.0 0.0 0.0 0.0 0.5592753263823065 0.0
11530.0 0.0 0.0 0.0 0.558535863507109 0.0
11540.0 0.0 0.0 0.0 0.5577964006319116 0.0
11550.0 0.0 0.0 0.0 0.5570569377567142 0.0
11560.0 0.0 0.0 0.0 0.5563174748815166 0.0
11570.0 0.0 0.0 0.0 0.5555780120063192 0.0
11580.0 0.0 0.0 0.0 0.5548385491311216 0.0
11590.0 0.0 0.0 0.0 0.5540990862559242 0.0
11600.0 0.0 0.0 0.0 0.5533596233807268 0.0
11610.0 0.0 0.0 0.0 0.5526201605055293 0.0
11620.0 0.0 0.0 0.0 0.5518806976303318 0.0
11630.0 0.0 0.0 0.0 0.5511412347551343 0.0
11640.0 0.0 0.0 0.0 0.5504017718799369 0.0
11650.0 0.0 0.0 0.0 0.5496623090047393 0.0
11660.0 0.0 0.0 0.0 0.5489228461295419 0.0
11670.0 0.0 0.0 0.0 0.5481833832543445 0.0
11680.0 0.0 0.0 0.0 0.5474439203791469 0.0
11690.0 0.0 0.0 0.0 0.5467044575039495 0.0
11700.0 0.0 0.0 0.0 0.545964994628752 0.0
11710.0 0.0 0.0 0.0 0.5452255317535546 0.0
11720.0 0.0 0.0 0.0 0.5444860688783572 0.0
11730.0 0.0 0.0 0.0 0.5437466060031596 0.0
11740.0 0.0 0.0 0.0 0.543007143127962 0.0
11750.0 0.0 0.0 0.0 0.5422676802527646 0.0
11760.0 0.0 0.0 0.0 0.5415282173775672 0.0
11770.0 0.0 0.0 0.0 0.5407887545023697 0.0
11780.0 0.0 0.0 0.0 0.5400492916271723 0.0
11790.0 0.0 0.0 0.0 0.5393098287519748 0.0
11800.0 0.0 0.0 0.0 0.5385703658767773 0.0
11810.0 0.0 0.0 0.0 0.5378309030015798 0.0
11820.0 0.0 0.0 0.0 0.5370914401263823 0.0
11830.0 0.0 0.0 0.0 0.5363519772511849 0.0
11840.0 0.0 0.0 0.0 0.5356125143759874 0.0
11850.0 0.0 0.0 0.0 0.5348730515007899 0.0
11860.0 0.0 0.0 0.0 0.5341335886255925 0.0
11870.0 0.0 0.0 0.0 0.533394125750395 0.0
11880.0 0.0 0.0 0.0 0.5326546628751976 0.0
11890.0 0.0 0.0 0.0 0.5319152 0.0
11900.0 0.0 0.0 0.0 0.5311757371248026 0.0
11910.0 0.0 0.0 0.0 0.530436274249605 0.0
11920.0 0.0 0.0 0.0 0.5296968113744076 0.0
11930.0 0.0 0.0 0.0 0.5289573484992102 0.0
11940.0 0.0 0.0 0.0 0.5282178856240127 0.0
11950.0 0.0 0.0 0.0 0.5274784227488153 0.0
11960.0 0.0 0.0 0.0 0.5267389598736177 0.0
11970.0 0.0 0.0 0.0 0.5259994969984202 0.0
11980.0 0.0 0.0 0.0 0.5252600341232228 0.0
11990.0 0.0 0.0 0.0 0.5245205712480253 0.0
12000.0 0.0 0.0 0.0 0.5237811083728279 0.0
12010.0 0.0 0.0 0.0 0.5230416454976304 0.0
12020.0 0.0 0.0 0.0 0.52210634338011 0.0
12030.0 0.0 0.0 0.0 0.5207908827333741 0.0
12040.0 0.0 0.0 0.0 0.5194754220866383 0.0
12050.0 0.0 0.0 0.0 0.5181599614399025 0.0
12060.0 0.0 0.0 0.0 0.5168445007931667 0.0
12070.0 0.0 0.0 0.0 0.5155290401464309 0.0
12080.0 0.0 0.0 0.0 0.514213579499695 0.0
12090.0 0.0 0.0 0.0 0.5128981188529592 0.0
12100.0 0.0 0.0 0.0 0.5115826582062234 0.0
12110.0 0.0 0.0 0.0 0.5102671975594876 0.0
12120.0 0.0 0.0 0.0 0.5089517369127518 0.0
12130.0 0.0 0.0 0.0 0.5076362762660159 0.0
12140.0 0.0 0.0 0.0 0.5063208156192801 0.0
12150.0 0.0 0.0 0.0 0.5050053549725443 0.0
12160.0 0.0 0.0 0.0 0.5036898943258085 0.0
12170.0 0.0 0.0 0.0 0.5023744336790726 0.0
12180.0 0.0 0.0 0.0 0.5010589730323368 0.0
12190.0 0.0 0.0 0.0 0.49974351238560105 0.0
12200.0 0.0 0.0 0.0 0.49842805173886523 0.0
12210.0 0.0 0.0 0.0 0.4971125910921294 0.0
12220.0 0.0 0.0 0.0 0.4957971304453936 0.0
12230.0 0.0 0.0 0.0 0.49448166979865776 0.0
12240.0 0.0 0.0 0.0 0.49316620915192194 0.0
12250.0 0.0 0.0 0.0 0.4918507485051861 0.0
12260.0 0.0 0.0 0.0 0.49053528785845035 0.0
12270.0 0.0 0.0 0.0 0.48921982721171453 0.0
12280.0 0.0 0.0 0.0 0.4879043665649787 0.0
12290.0 0.0 0.0 0.0 0.4865889059182429 0.0
12300.0 0.0 0.0 0.0 0.48527344527150706 0.0
12310.0 0.0 0.0 0.0 0.48395798462477124 0.0
12320.0 0.0 0.0 0.0 0.4826425239780354 0.0
12330.0 0.0 0.0 0.0 0.4813270633312996 0.0
12340.0 0.0 0.0 0.0 0.4800116026845638 0.0
12350.0 0.0 0.0 0.0 0.47869614203782795 0.0
12360.0 0.0 0.0 0.0 0.47738068139109213 0.0
12370.0 0.0 0.0 0.0 0.4760652207443563 0.0
12380.0 0.0 0.0 0.0 0.4747497600976205 0.0
12390.0 0.0 0.0 0.0 0.4734342994508848 0.0
12400.0 0.0 0.0 0.0 0.47211883880414895 0.0
12410.0 0.0 0.0 0.0 0.47080337815741313 0.0
12420.0 0.0 0.0 0.0 0.4694879175106773 0.0
12430.0 0.0 0.0 0.0 0.4681724568639415 0.0
12440.0 0.0 0.0 0.0 0.46685699621720567 0.0
12450.0 0.0 0.0 0.0 0.46554153557046984 0.0
12460.0 0.0 0.0 0.0 0.464226074923734 0.0
12470.0 0.0 0.0 0.0 0.4629106142769982 0.0
12480.0 0.0 0.0 0.0 0.4615951536302624 0.0
12490.0 0.0 0.0 0.0 0.46027969298352656 0.0
12500.0 0.0 0.0 0.0 0.45896423233679073 0.0
12510.0 0.0 0.0 0.0 0.457648771690055 0.0
12520.0 0.0 0.0 0.0 0.4563333110433192 0.0
12530.0 0.0 0.0 0.0 0.4550178503965834 0.0
12540.0 0.0 0.0 0.0 0.45370238974984756 0.0
12550.0 0.0 0.0 0.0 0.45238692910311173 0.0
12560.0 0.0 0.0 0.0 0.4510714684563759 0.0
12570.0 0.0 0.0 0.0 0.4497560078096401 0.0
12580.0 0.0 0.0 0.0 0.44844054716290427 0.0
12590.0 0.0 0.0 0.0 0.44712508651616845 0.0
12600.0 0.0 0.0 0.0 0.4458096258694326 0.0
12610.0 0.0 0.0 0.0 0.4444941652226968 0.0
12620.0 0.0 0.0 0.0 0.443178704575961 0.0
12630.0 0.0 0.0 0.0 0.44186324392922516 0.0
12640.0 0.0 0.0 0.0 0.44054778328248934 0.0
12650.0 0.0 0.0 0.0 0.43923232263575357 0.0
12660.0 0.0 0.0 0.0 0.43791686198901775 0.0
12670.0 0.0 0.0 0.0 0.4366014013422819 0.0
12680.0 0.0 0.0 0.0 0.4352859406955461 0.0
12690.0 0.0 0.0 0.0 0.4339704800488103 0.0
12700.0 0.0 0.0 0.0 0.43265501940207446 0.0
12710.0 0.0 0.0 0.0 0.43133955875533864 0.0
12720.0 0.0 0.0 0.0 0.4300240981086028 0.0
12730.0 0.0 0.0 0.0 0.428708637461867 0.0
12740.0 0.0 0.0 0.0 0.42739317681513117 0.0
12750.0 0.0 0.0 0.0 0.42607771616839546 0.0
12760.0 0.0 0.0 0.0 0.42476225552165964 0.0
12770.0 0.0 0.0 0.0 0.4234467948749238 0.0
12780.0 0.0 0.0 0.0 0.422131334228188 0.0
12790.0 0.0 0.0 0.0 0.42081587358145217 0.0
12800.0 0.0 0.0 0.0 0.41950041293471635 0.0
12810.0 0.0 0.0 0.0 0.4181849522879805 0.0
12820.0 0.0 0.0 0.0 0.4168694916412447 0.0
12830.0 0.0 0.0 0.0 0.4155540309945089 0.0
12840.0 0.0 0.0 0.0 0.41423857034777306 0.0
12850.0 0.0 0.0 0.0 0.41292310970103724 0.0
12860.0 0.0 0.0 0.0 0.4116076490543014 0.0
12870.0 0.0 0.0 0.0 0.4102921884075656 0.0
12880.0 0.0 0.0 0.0 0.4089767277608298 0.0
12890.0 0.0 0.0 0.0 0.40766126711409395 0.0
12900.0 0.0 0.0 0.0 0.4063458064673582 0.0
12910.0 0.0 0.0 0.0 0.40503034582062236 0.0
12920.0 0.0 0.0 0.0 0.40371488517388654 0.0
12930.0 0.0 0.0 0.0 0.4023994245271507 0.0
12940.0 0.0 0.0 0.0 0.4010839638804149 0.0
12950.0 0.0 0.0 0.0 0.3997685032336791 0.0
12960.0 0.0 0.0 0.0 0.39845304258694325 0.0
12970.0 0.0 0.0 0.0 0.39713758194020743 0.0
12980.0 0.0 0.0 0.0 0.3958221212934716 0.0
12990.0 0.0 0.0 0.0 0.39450666064673584 0.0
13000.0 0.0 0.0 0.0 0.3931912 0.0
13010.0 0.0 0.0 0.0 0.3931912 0.0
13020.0 0.0 0.0 0.0 0.3931912 0.0
13030.0 0.0 0.0 0.0 0.3931912 0.0
13040.0 0.0 0.0 0.0 0.3931912 0.0
13050.0 0.0 0.0 0.0 0.3931912 0.0
13060.0 0.0 0.0 0.0 0.3931912 0.0
13070.0 0.0 0.0 0.0 0.3931912 0.0
13080.0 0.0 0.0 0.0 0.3931912 0.0
13090.0 0.0 0.0 0.0 0.3931912 0.0
13100.0 0.0 0.0 0.0 0.3931912 0.0
13110.0 0.0 0.0 0.0 0.3931912 0.0
13120.0 0.0 0.0 0.0 0.3931912 0.0
13130.0 0.0 0.0 0.0 0.3931912 0.0
13140.0 0.0 0.0 0.0 0.3931912 0.0
13150.0 0.0 0.0 0.0 0.3931912 0.0
13160.0 0.0 0.0 0.0 0.3931912 0.0
13170.0 0.0 0.0 0.0 0.3931912 0.0
13180.0 0.0 0.0 0.0 0.3931912 0.0
13190.0 0.0 0.0 0.0 0.3931912 0.0
13200.0 0.0 0.0 0.0 0.3931912 0.0
13210.0 0.0 0.0 0.0 0.0 0.0
13220.0 0.0 0.0 0.0 0.0 0.0
13230.0 0.0 0.0 0.0 0.0 0.0
13240.0 0.0 0.0 0.0 0.0 0.0
13250.0 0.0 0.0 0.0 0.0 0.0
13260.0 0.0 0.0 0.0 0.0 0.0
13270.0 0.0 0.0 0.0 0.0 0.0
13280.0 0.0 0.0 0.0 0.0 0.0
13290.0 0.0 0.0 0.0 0.0 0.0
13300.0 0.0 0.0 0.0 0.0 0.0
13310.0 0.0 0.0 0.0 0.0 0.0
13320.0 0.0 0.0 0.0 0.0 0.0
13330.0 0.0 0.0 0.0 0.0 0.0
13340.0 0.0 0.0 0.0 0.0 0.0
13350.0 0.0 0.0 0.0 0.0 0.0
13360.0 0.0 0.0 0.0 0.0 0.0
13370.0 0.0 0.0 0.0 0.0 0.0
13380.0 0.0 0.0 0.0 0.0 0.0
13390.0 0.0 0.0 0.0 0.0 0.0
13400.0 0.0 0.0 0.0 0.0 0.0
13410.0 0.0 0.0 0.0 0.0 0.0
13420.0 0.0 0.0 0.0 0.0 0.0
13430.0 0.0 0.0 0.0 0.0 0.0
13440.0 0.0 0.0 0.0 0.0 0.0
13450.0 0.0 0.0 0.0 0.0 0.0
13460.0 0.0 0.0 0.0 0.0 0.0
13470.0 0.0 0.0 0.0 0.0 0.0
13480.0 0.0 0.0 0.0 0.0 0.0
13490.0 0.0 0.0 0.0 0.0 0.0
13500.0 0.0 0.0 0.0 0.0 0.0
13510.0 0.0 0.0 0.0 0.0 0.0
13520.0 0.0 0.0 0.0 0.0 0.0
13530.0 0.0 0.0 0.0 0.0 0.0
13540.0 0.0 0.0 0.0 0.0 0.0
13550.0 0.0 0.0 0.0 0.0 0.0
13560.0 0.0 0.0 0.0 0.0 0.0
13570.0 0.0 0.0 0.0 0.0 0.0
13580.0 0.0 0.0 0.0 0.0 0.0
13590.0 0.0 0.0 0.0 0.0 0.0
13600.0 0.0 0.0 0.0 0.0 0.0
13610.0 0.0 0.0 0.0 0.0 0.0
13620.0 0.0 0.0 0.0 0.0 0.0
13630.0 0.0 0.0 0.0 0.0 0.0
13640.0 0.0 0.0 0.0 0.0 0.0
13650.0 0.0 0.0 0.0 0.0 0.0
13660.0 0.0 0.0 0.0 0.0 0.0
13670.0 0.0 0.0 0.0 0.0 0.0
13680.0 0.0 0.0 0.0 0.0 0.0
13690.0 0.0 0.0 0.0 0.0 0.0
13700.0 0.0 0.0 0.0 0.0 0.0
13710.0 0.0 0.0 0.0 0.0 0.0
13720.0 0.0 0.0 0.0 0.0 0.0
13730.0 0.0 0.0 0.0 0.0 0.0
13740.0 0.0 0.0 0.0 0.0 0.0
13750.0 0.0 0.0 0.0 0.0 0.0
13760.0 0.0 0.0 0.0 0.0 0.0
13770.0 0.0 0.0 0.0 0.0 0.0
13780.0 0.0 0.0 0.0 0.0 0.0
13790.0 0.0 0.0 0.0 0.0 0.0
13800.0 0.0 0.0 0.0 0.0 0.0
13810.0 0.0 0.0 0.0 0.0 0.0
13820.0 0.0 0.0 0.0 0.0 0.0
13830.0 0.0 0.0 0.0 0.0 0.0
13840.0 0.0 0.0 0.0 0.0 0.0
13850.0 0.0 0.0 0.0 0.0 0.0
13860.0 0.0 0.0 0.0 0.0 0.0
13870.0 0.0 0.0 0.0 0.0 0.0
13880.0 0.0 0.0 0.0 0.0 0.0
13890.0 0.0 0.0 0.0 0.0 0.0
13900.0 0.0 0.0 0.0 0.0 0.0
13910.0 0.0 0.0 0.0 0.0 0.0
13920.0 0.0 0.0 0.0 0.0 0.0
13930.0 0.0 0.0 0.0 0.0 0.0
13940.0 0.0 0.0 0.0 0.0 0.0
13950.0 0.0 0.0 0.0 0.0 0.0
13960.0 0.0 0.0 0.0 0.0 0.0
13970.0 0.0 0.0 0.0 0.0 0.0
13980.0 0.0 0.0 0.0 0.0 0.0
13990.0 0.0 0.0 0.0 0.0 0.0
14000.0 0.0 0.0 0.0 0.0 0.0
14010.0 0.0 0.0 0.0 0.0 0.0
14020.0 0.0 0.0 0.0 0.0 0.0
14030.0 0.0 0.0 0.0 0.0 0.0
14040.0 0.0 0.0 0.0 0.0 0.0
14050.0 0.0 0.0 0.0 0.0 0.0
14060.0 0.0 0.0 0.0 0.0 0.0
14070.0 0.0 0.0 0.0 0.0 0.0
14080.0 0.0 0.0 0.0 0.0 0.0
14090.0 0.0 0.0 0.0 0.0 0.0
14100.0 0.0 0.0 0.0 0.0 0.0
14110.0 0.0 0.0 0.0 0.0 0.0
14120.0 0.0 0.0 0.0 0.0 0.0
14130.0 0.0 0.0 0.0 0.0 0.0
14140.0 0.0 0.0 0.0 0.0 0.0
14150.0 0.0 0.0 0.0 0.0 0.0
14160.0 0.0 0.0 0.0 0.0 0.0
14170.0 0.0 0.0 0.0 0.0 0.0
14180.0 0.0 0.0 0.0 0.0 0.0
14190.0 0.0 0.0 0.0 0.0 0.0
14200.0 0.0 0.0 0.0 0.0 0.0
14210.0 0.0 0.0 0.0 0.0 0.0
14220.0 0.0 0.0 0.0 0.0 0.0
14230.0 0.0 0.0 0.0 0.0 0.0
14240.0 0.0 0.0 0.0 0.0 0.0
14250.0 0.0 0.0 0.0 0.0 0.0
14260.0 0.0 0.0 0.0 0.0 0.0
14270.0 0.0 0.0 0.0 0.0 0.0
14280.0 0.0 0.0 0.0 0.0 0.0
14290.0 0.0 0.0 0.0 0.0 0.0
14300.0 0.0 0.0 0.0 0.0 0.0
14310.0 0.0 0.0 0.0 0.0 0.0
14320.0 0.0 0.0 0.0 0.0 0.0
14330.0 0.0 0.0 0.0 0.0 0.0
14340.0 0.0 0.0 0.0 0.0 0.0
14350.0 0.0 0.0 0.0 0.0 0.0
14360.0 0.0 0.0 0.0 0.0 0.0
14370.0 0.0 0.0 0.0 0.0 0.0
14380.0 0.0 0.0 0.0 0.0 0.0
14390.0 0.0 0.0 0.0 0.0 0.0
14400.0 0.0 0.0 0.0 0.0 0.0
14410.0 0.0 0.0 0.0 0.0 0.0
14420.0 0.0 0.0 0.0 0.0 0.0
14430.0 0.0 0.0 0.0 0.0 0.0
14440.0 0.0 0.0 0.0 0.0 0.0
14450.0 0.0 0.0 0.0 0.0 0.0
14460.0 0.0 0.0 0.0 0.0 0.0
14470.0 0.0 0.0 0.0 0.0 0.0
14480.0 0.0 0.0 0.0 0.0 0.0
14490.0 0.0 0.0 0.0 0.0 0.0
14500.0 0.0 0.0 0.0 0.0 0.0
14510.0 0.0 0.0 0.0 0.0 0.0
14520.0 0.0 0.0 0.0 0.0 0.0
14530.0 0.0 0.0 0.0 0.0 0.0
14540.0 0.0 0.0 0.0 0.0 0.0
14550.0 0.0 0.0 0.0 0.0 0.0
14560.0 0.0 0.0 0.0 0.0 0.0
14570.0 0.0 0.0 0.0 0.0 0.3917924920837124
14580.0 0.0 0.0 0.0 0.0 0.3937724010919017
14590.0 0.0 0.0 0.0 0.0 0.39575231010009093
14600.0 0.0 0.0 0.0 0.0 0.39773221910828016
14610.0 0.0 0.0 0.0 0.0 0.39959244799999993
14620.0 0.0 0.0 0.0 0.0 0.40142086318987336
14630.0 0.0 0.0 0.0 0.0 0.4032492783797468
14640.0 0.0 0.0 0.0 0.0 0.40507769356962015
14650.0 0.0 0.0 0.0 0.0 0.4069061087594936
14660.0 0.0 0.0 0.0 0.0 0.40873452394936705
14670.0 0.0 0.0 0.0 0.0 0.41056293913924047
14680.0 0.0 0.0 0.0 0.0 0.41239135432911384
14690.0 0.0 0.0 0.0 0.0 0.41421976951898726
14700.0 0.0 0.0 0.0 0.0 0.41604818470886074
14710.0 0.0 0.0 0.0 0.0 0.41787659989873416
14720.0 0.0 0.0 0.0 0.0 0.4197050150886075
14730.0 0.0 0.0 0.0 0.0 0.42153343027848095
14740.0 0.0 0.0 0.0 0.0 0.4233618454683543
14750.0 0.0 0.0 0.0 0.0 0.42519026065822785
14760.0 0.0 0.0 0.0 0.0 0.4270186758481012
14770.0 0.0 0.0 0.0 0.0 0.42884709103797464
14780.0 0.0 0.0 0.0 0.0 0.430675506227848
14790.0 0.0 0.0 0.0 0.0 0.4325039214177214
14800.0 0.0 0.0 0.0 0.0 0.4343151275167785
14810.0 0.0 0.0 0.0 0.0 0.4357133154362416
14820.0 0.0 0.0 0.0 0.0 0.4371115033557046
14830.0 0.0 0.0 0.0 0.0 0.4385096912751677
14840.0 0.0 0.0 0.0 0.0 0.4399078791946308
14850.0 0.0 0.0 0.0 0.0 0.4413060671140938
14860.0 0.0 0.0 0.0 0.0 0.4427042550335569
14870.0 0.0 0.0 0.0 0.0 0.44410244295302004
14880.0 0.0 0.0 0.0 0.0 0.4455006308724831
14890.0 0.0 0.0 0.0 0.0 0.4468988187919462
14900.0 0.0 0.0 0.0 0.0 0.4482970067114092
14910.0 0.0 0.0 0.0 0.0 0.4496951946308723
14920.0 0.0 0.0 0.0 0.0 0.4510494645747315
14930.0 0.0 0.0 0.0 0.0 0.4520816693641617
14940.0 0.0 0.0 0.0 0.0 0.45311387415359194
14950.0 0.0 0.0 0.0 0.0 0.45414607894302217
14960.0 0.0 0.0 0.0 0.0 0.4551782837324524
14970.0 0.0 0.0 0.0 0.0 0.4562104885218826
14980.0 0.0 0.0 0.0 0.0 0.45724269331131284
14990.0 0.0 0.0 0.0 0.0 0.45827489810074307
15000.0 0.0 0.0 0.0 0.0 0.4593071028901733
15010.0 0.0 0.0 0.0 0.0 0.4603393076796035
15020.0 0.0 0.0 0.0 0.0 0.46137151246903374
15030.0 0.0 0.0 0.0 0.0 0.4624037172584641
15040.0 0.0 0.0 0.0 0.0 0.4634359220478943
15050.0 0.0 0.0 0.0 0.0 0.4644681268373245
15060.0 0.0 0.0 0.0 0.0 0.46550033162675475
15070.0 0.0 0.0 0.0 0.0 0.466532536416185
15080.0 0.0 0.0 0.0 0.0 0.4675647412056152
15090.0 0.0 0.0 0.0 0.0 0.4685969459950454
15100.0 0.0 0.0 0.0 0.0 0.46962915078447565
15110.0 0.0 0.0 0.0 0.0 0.47066135557390587
15120.0 0.0 0.0 0.0 0.0 0.4716935603633361
15130.0 0.0 0.0 0.0 0.0 0.4727257651527663
15140.0 0.0 0.0 0.0 0.0 0.47375796994219654
15150.0 0.0 0.0 0.0 0.0 0.47479017473162677
15160.0 0.0 0.0 0.0 0.0 0.475822379521057
15170.0 0.0 0.0 0.0 0.0 0.47644944097859326
15180.0 0.0 0.0 0.0 0.0 0.4770314865103636
15190.0 0.0 0.0 0.0 0.0 0.47761353204213386
15200.0 0.0 0.0 0.0 0.0 0.4781955775739042
15210.0 0.0 0.0 0.0 0.0 0.47877762310567445
15220.0 0.0 0.0 0.0 0.0 0.47935966863744484
15230.0 0.0 0.0 0.0 0.0 0.47994171416921505
15240.0 0.0 0.0 0.0 0.0 0.48052375970098543
15250.0 0.0 0.0 0.0 0.0 0.4811058052327557
15260.0 0.0 0.0 0.0 0.0 0.481687850764526
15270.0 0.0 0.0 0.0 0.0 0.4822698962962963
15280.0 0.0 0.0 0.0 0.0 0.4828519418280666
15290.0 0.0 0.0 0.0 0.0 0.4834339873598369
15300.0 0.0 0.0 0.0 0.0 0.4840160328916072
15310.0 0.0 0.0 0.0 0.0 0.4845980784233775
15320.0 0.0 0.0 0.0 0.0 0.48518012395514787
15330.0 0.0 0.0 0.0 0.0 0.4857621694869181
15340.0 0.0 0.0 0.0 0.0 0.48634421501868846
15350.0 0.0 0.0 0.0 0.0 0.48692626055045873
15360.0 0.0 0.0 0.0 0.0 0.48750830608222906
15370.0 0.0 0.0 0.0 0.0 0.48809035161399933
15380.0 0.0 0.0 0.0 0.0 0.48867239714576965
15390.0 0.0 0.0 0.0 0.0 0.4892544426775399
15400.0 0.0 0.0 0.0 0.0 0.48983648820931025
15410.0 0.0 0.0 0.0 0.0 0.4904185337410805
15420.0 0.0 0.0 0.0 0.0 0.4910005792728509
15430.0 0.0 0.0 0.0 0.0 0.4915826248046211
15440.0 0.0 0.0 0.0 0.0 0.4921646703363915
15450.0 0.0 0.0 0.0 0.0 0.49274671586816177
15460.0 0.0 0.0 0.0 0.0 0.49311435324498815
15470.0 0.0 0.0 0.0 0.0 0.4932402112130479
15480.0 0.0 0.0 0.0 0.0 0.4933660691811077
15490.0 0.0 0.0 0.0 0.0 0.49349192714916756
15500.0 0.0 0.0 0.0 0.0 0.4936177851172273
15510.0 0.0 0.0 0.0 0.0 0.49374364308528707
15520.0 0.0 0.0 0.0 0.0 0.4938695010533469
15530.0 0.0 0.0 0.0 0.0 0.49399535902140673
15540.0 0.0 0.0 0.0 0.0 0.4941212169894665
15550.0 0.0 0.0 0.0 0.0 0.49424707495752634
15560.0 0.0 0.0 0.0 0.0 0.49437293292558615
15570.0 0.0 0.0 0.0 0.0 0.4944987908936459
15580.0 0.0 0.0 0.0 0.0 0.49462464886170576
15590.0 0.0 0.0 0.0 0.0 0.4947505068297655
15600.0 0.0 0.0 0.0 0.0 0.4948763647978253
15610.0 0.0 0.0 0.0 0.0 0.4950022227658852
15620.0 0.0 0.0 0.0 0.0 0.49512808073394493
15630.0 0.0 0.0 0.0 0.0 0.49525393870200474
15640.0 0.0 0.0 0.0 0.0 0.4953797966700646
15650.0 0.0 0.0 0.0 0.0 0.49550565463812435
15660.0 0.0 0.0 0.0 0.0 0.4956315126061841
15670.0 0.0 0.0 0.0 0.0 0.49575737057424396
15680.0 0.0 0.0 0.0 0.0 0.49588322854230377
15690.0 0.0 0.0 0.0 0.0 0.4960090865103635
15700.0 0.0 0.0 0.0 0.0 0.4961349444784234
15710.0 0.0 0.0 0.0 0.0 0.4962608024464832
15720.0 0.0 0.0 0.0 0.0 0.49638666041454294
15730.0 0.0 0.0 0.0 0.0 0.4965125183826028
15740.0 0.0 0.0 0.0 0.0 0.49663837635066255
15750.0 0.0 0.0 0.0 0.0 0.4967500722891567
15760.0 0.0 0.0 0.0 0.0 0.49652187951807236
15770.0 0.0 0.0 0.0 0.0 0.4962936867469879
15780.0 0.0 0.0 0.0 0.0 0.4960654939759036
15790.0 0.0 0.0 0.0 0.0 0.4958373012048193
15800.0 0.0 0.0 0.0 0.0 0.49560910843373496
15810.0 0.0 0.0 0.0 0.0 0.49538091566265063
15820.0 0.0 0.0 0.0 0.0 0.4951527228915663
15830.0 0.0 0.0 0.0 0.0 0.4949245301204819
15840.0 0.0 0.0 0.0 0.0 0.49469633734939755
15850.0 0.0 0.0 0.0 0.0 0.49446814457831323
15860.0 0.0 0.0 0.0 0.0 0.4942399518072289
15870.0 0.0 0.0 0.0 0.0 0.4940117590361446
15880.0 0.0 0.0 0.0 0.0 0.49378356626506026
15890.0 0.0 0.0 0.0 0.0 0.4935553734939759
15900.0 0.0 0.0 0.0 0.0 0.49332718072289156
15910.0 0.0 0.0 0.0 0.0 0.49309898795180723
15920.0 0.0 0.0 0.0 0.0 0.4928707951807229
15930.0 0.0 0.0 0.0 0.0 0.4926426024096386
15940.0 0.0 0.0 0.0 0.0 0.49241440963855426
15950.0 0.0 0.0 0.0 0.0 0.49218621686746983
15960.0 0.0 0.0 0.0 0.0 0.4919580240963855
15970.0 0.0 0.0 0.0 0.0 0.4917298313253012
15980.0 0.0 0.0 0.0 0.0 0.49150163855421686
15990.0 0.0 0.0 0.0 0.0 0.49127344578313253
16000.0 0.0 0.0 0.0 0.0 0.4910452530120482
16010.0 0.0 0.0 0.0 0.0 0.49081706024096383
16020.0 0.0 0.0 0.0 0.0 0.4905888674698795
16030.0 0.0 0.0 0.0 0.0 0.4903606746987952
16040.0 0.0 0.0 0.0 0.0 0.49013248192771086
16050.0 0.0 0.0 0.0 0.0 0.48990428915662654
16060.0 0.0 0.0 0.0 0.0 0.4896760963855422
16070.0 0.0 0.0 0.0 0.0 0.4894479036144578
16080.0 0.0 0.0 0.0 0.0 0.48921971084337346
16090.0 0.0 0.0 0.0 0.0 0.48899151807228913
16100.0 0.0 0.0 0.0 0.0 0.4887633253012048
16110.0 0.0 0.0 0.0 0.0 0.4885351325301205
16120.0 0.0 0.0 0.0 0.0 0.48809080879689515
16130.0 0.0 0.0 0.0 0.0 0.48744697956015515
16140.0 0.0 0.0 0.0 0.0 0.48680315032341526
16150.0 0.0 0.0 0.0 0.0 0.48615932108667526
16160.0 0.0 0.0 0.0 0.0 0.4855154918499353
16170.0 0.0 0.0 0.0 0.0 0.4848716626131953
16180.0 0.0 0.0 0.0 0.0 0.48422783337645536
16190.0 0.0 0.0 0.0 0.0 0.48358400413971536
16200.0 0.0 0.0 0.0 0.0 0.48294017490297536
16210.0 0.0 0.0 0.0 0.0 0.4822963456662354
16220.0 0.0 0.0 0.0 0.0 0.4816525164294954
16230.0 0.0 0.0 0.0 0.0 0.48100868719275547
16240.0 0.0 0.0 0.0 0.0 0.48036485795601547
16250.0 0.0 0.0 0.0 0.0 0.47972102871927547
16260.0 0.0 0.0 0.0 0.0 0.4790771994825355
16270.0 0.0 0.0 0.0 0.0 0.4784333702457955
16280.0 0.0 0.0 0.0 0.0 0.4777895410090556
16290.0 0.0 0.0 0.0 0.0 0.4771457117723157
16300.0 0.0 0.0 0.0 0.0 0.4765018825355757
16310.0 0.0 0.0 0.0 0.0 0.4758580532988357
16320.0 0.0 0.0 0.0 0.0 0.47521422406209574
16330.0 0.0 0.0 0.0 0.0 0.47457039482535573
16340.0 0.0 0.0 0.0 0.0 0.4739265655886158
16350.0 0.0 0.0 0.0 0.0 0.4732827363518758
16360.0 0.0 0.0 0.0 0.0 0.4726389071151358
16370.0 0.0 0.0 0.0 0.0 0.47199507787839584
16380.0 0.0 0.0 0.0 0.0 0.47135124864165584
16390.0 0.0 0.0 0.0 0.0 0.4707074194049159
16400.0 0.0 0.0 0.0 0.0 0.4700635901681759
16410.0 0.0 0.0 0.0 0.0 0.4694197609314359
16420.0 0.0 0.0 0.0 0.0 0.46877593169469595
16430.0 0.0 0.0 0.0 0.0 0.4679066395044735
16440.0 0.0 0.0 0.0 0.0 0.466887038678596
16450.0 0.0 0.0 0.0 0.0 0.46586743785271845
16460.0 0.0 0.0 0.0 0.0 0.46484783702684096
16470.0 0.0 0.0 0.0 0.0 0.46382823620096353
16480.0 0.0 0.0 0.0 0.0 0.462808635375086
16490.0 0.0 0.0 0.0 0.0 0.4617890345492085
16500.0 0.0 0.0 0.0 0.0 0.46076943372333096
16510.0 0.0 0.0 0.0 0.0 0.45974983289745347
16520.0 0.0 0.0 0.0 0.0 0.45873023207157604
16530.0 0.0 0.0 0.0 0.0 0.45771063124569844
16540.0 0.0 0.0 0.0 0.0 0.456691030419821
16550.0 0.0 0.0 0.0 0.0 0.45567142959394347
16560.0 0.0 0.0 0.0 0.0 0.454651828768066
16570.0 0.0 0.0 0.0 0.0 0.4536322279421885
16580.0 0.0 0.0 0.0 0.0 0.45261262711631095
16590.0 0.0 0.0 0.0 0.0 0.4515930262904335
16600.0 0.0 0.0 0.0 0.0 0.45057342546455603
16610.0 0.0 0.0 0.0 0.0 0.4495538246386785
16620.0 0.0 0.0 0.0 0.0 0.448534223812801
16630.0 0.0 0.0 0.0 0.0 0.44751462298692346
16640.0 0.0 0.0 0.0 0.0 0.446495022161046
16650.0 0.0 0.0 0.0 0.0 0.44547542133516854
16660.0 0.0 0.0 0.0 0.0 0.444455820509291
16670.0 0.0 0.0 0.0 0.0 0.4434362196834135
16680.0 0.0 0.0 0.0 0.0 0.44241661885753597
16690.0 0.0 0.0 0.0 0.0 0.4413970180316585
16700.0 0.0 0.0 0.0 0.0 0.44037741720578105
16710.0 0.0 0.0 0.0 0.0 0.43935781637990345
16720.0 0.0 0.0 0.0 0.0 0.43827996341948294
16730.0 0.0 0.0 0.0 0.0 0.4371524882703776
16740.0 0.0 0.0 0.0 0.0 0.43602501312127223
16750.0 0.0 0.0 0.0 0.0 0.4348975379721669
16760.0 0.0 0.0 0.0 0.0 0.4337700628230615
16770.0 0.0 0.0 0.0 0.0 0.43264258767395614
16780.0 0.0 0.0 0.0 0.0 0.4315151125248508
16790.0 0.0 0.0 0.0 0.0 0.4303876373757454
16800.0 0.0 0.0 0.0 0.0 0.4292601622266401
16810.0 0.0 0.0 0.0 0.0 0.4281326870775347
16820.0 0.0 0.0 0.0 0.0 0.42700521192842933
16830.0 0.0 0.0 0.0 0.0 0.425877736779324
16840.0 0.0 0.0 0.0 0.0 0.4247502616302186
16850.0 0.0 0.0 0.0 0.0 0.4236227864811133
16860.0 0.0 0.0 0.0 0.0 0.4224953113320079
16870.0 0.0 0.0 0.0 0.0 0.4213678361829025
16880.0 0.0 0.0 0.0 0.0 0.4202403610337972
16890.0 0.0 0.0 0.0 0.0 0.4191128858846918
16900.0 0.0 0.0 0.0 0.0 0.4179854107355865
16910.0 0.0 0.0 0.0 0.0 0.4168579355864811
16920.0 0.0 0.0 0.0 0.0 0.41560925692883893
16930.0 0.0 0.0 0.0 0.0 0.41419320199750304
16940.0 0.0 0.0 0.0 0.0 0.4127771470661672
16950.0 0.0 0.0 0.0 0.0 0.4113610921348314
16960.0 0.0 0.0 0.0 0.0 0.4099450372034955
16970.0 0.0 0.0 0.0 0.0 0.4085289822721597
16980.0 0.0 0.0 0.0 0.0 0.4071129273408238
16990.0 0.0 0.0 0.0 0.0 0.405696872409488
17000.0 0.0 0.0 0.0 0.0 0.4042808174781522
17010.0 0.0 0.0 0.0 0.0 0.4028647625468163
17020.0 0.0 0.0 0.0 0.0 0.40144870761548046
17030.0 0.0 0.0 0.0 0.0 0.4000326526841447
17040.0 0.0 0.0 0.0 0.0 0.39861659775280883
17050.0 0.0 0.0 0.0 0.0 0.39720054282147294
17060.0 0.0 0.0 0.0 0.0 0.3957844878901371
17070.0 0.0 0.0 0.0 0.0 0.3943684329588013
17080.0 0.0 0.0 0.0 0.0 0.39295237802746547
17090.0 0.0 0.0 0.0 0.0 0.39153632309612957
17100.0 0.0 0.0 0.0 0.0 0.3901202681647937
17110.0 0.0 0.0 0.0 0.0 0.38870421323345794
17120.0 0.0 0.0 0.0 0.0 0.3872881583021221
17130.0 0.0 0.0 0.0 0.0 0.38587210337078626
17140.0 0.0 0.0 0.0 0.0 0.38445604843945036
17150.0 0.0 0.0 0.0 0.0 0.3830399935081146
17160.0 0.0 0.0 0.0 0.0 0.38162393857677873
17170.0 0.0 0.0 0.0 0.0 0.3802078836454429
17180.0 0.0 0.0 0.0 0.0 0.37879182871410705
17190.0 0.0 0.0 0.0 0.0 0.3773757737827712
17200.0 0.0 0.0 0.0 0.0 0.37595971885143536
17210.0 0.0 0.0 0.0 0.0 0.3745436639200995
17220.0 0.0 0.0 0.0 0.0 0.3731276089887637
17230.0 0.0 0.0 0.0 0.0 0.37171155405742784
17240.0 0.0 0.0 0.0 0.0 0.37019581544256075
17250.0 0.0 0.0 0.0 0.0 0.36851743502824813
17260.0 0.0 0.0 0.0 0.0 0.3668390546139355
17270.0 0.0 0.0 0.0 0.0 0.36516067419962295
17280.0 0.0 0.0 0.0 0.0 0.36348229378531033
17290.0 0.0 0.0 0.0 0.0 0.3618039133709977
17300.0 0.0 0.0 0.0 0.0 0.3601255329566851
17310.0 0.0 0.0 0.0 0.0 0.35844715254237247
17320.0 0.0 0.0 0.0 0.0 0.3567687721280599
17330.0 0.0 0.0 0.0 0.0 0.3550903917137473
17340.0 0.0 0.0 0.0 0.0 0.35341201129943467
17350.0 0.0 0.0 0.0 0.0 0.35173363088512205
17360.0 0.0 0.0 0.0 0.0 0.35005525047080943
17370.0 0.0 0.0 0.0 0.0 0.34837687005649687
17380.0 0.0 0.0 0.0 0.0 0.34669848964218425
17390.0 0.0 0.0 0.0 0.0 0.34502010922787163
17400.0 0.0 0.0 0.0 0.0 0.343341728813559
17410.0 0.0 0.0 0.0 0.0 0.3416633483992464
17420.0 0.0 0.0 0.0 0.0 0.33998496798493383
17430.0 0.0 0.0 0.0 0.0 0.3383065875706212
17440.0 0.0 0.0 0.0 0.0 0.33662820715630865
17450.0 0.0 0.0 0.0 0.0 0.33494337610738234
17460.0 0.0 0.0 0.0 0.0 0.3332189197315434
17470.0 0.0 0.0 0.0 0.0 0.3314944633557045
17480.0 0.0 0.0 0.0 0.0 0.3297700069798656
17490.0 0.0 0.0 0.0 0.0 0.32804555060402674
17500.0 0.0 0.0 0.0 0.0 0.3263210942281878
17510.0 0.0 0.0 0.0 0.0 0.3245966378523489
17520.0 0.0 0.0 0.0 0.0 0.32287218147651
17530.0 0.0 0.0 0.0 0.0 0.3211477251006711
17540.0 0.0 0.0 0.0 0.0 0.3194232687248322
17550.0 0.0 0.0 0.0 0.0 0.3176988123489933
17560.0 0.0 0.0 0.0 0.0 0.3159743559731544
17570.0 0.0 0.0 0.0 0.0 0.3142498995973155
17580.0 0.0 0.0 0.0 0.0 0.3125254432214766
17590.0 0.0 0.0 0.0 0.0 0.3108009868456376
17600.0 0.0 0.0 0.0 0.0 0.3090765304697987
17610.0 0.0 0.0 0.0 0.0 0.3073520740939598
17620.0 0.0 0.0 0.0 0.0 0.3056276177181209
17630.0 0.0 0.0 0.0 0.0 0.303903161342282
17640.0 0.0 0.0 0.0 0.0 0.3021787049664431
17650.0 0.0 0.0 0.0 0.0 0.3004542485906042
17660.0 0.0 0.0 0.0 0.0 0.2987297922147653
17670.0 0.0 0.0 0.0 0.0 0.29700533583892635
17680.0 0.0 0.0 0.0 0.0 0.29528087946308745
17690.0 0.0 0.0 0.0 0.0 0.2935564230872486
17700.0 0.0 0.0 0.0 0.0 0.2918319667114097
17710.0 0.0 0.0 0.0 0.0 0.29010751033557075
17720.0 0.0 0.0 0.0 0.0 0.28838305395973185
17730.0 0.0 0.0 0.0 0.0 0.28665859758389295
17740.0 0.0 0.0 0.0 0.0 0.28493414120805405
17750.0 0.0 0.0 0.0 0.0 0.2832368066515498
17760.0 0.0 0.0 0.0 0.0 0.2815921203325778
17770.0 0.0 0.0 0.0 0.0 0.2799474340136057
17780.0 0.0 0.0 0.0 0.0 0.27830274769463365
17790.0 0.0 0.0 0.0 0.0 0.27665806137566157
17800.0 0.0 0.0 0.0 0.0 0.27501337505668955
17810.0 0.0 0.0 0.0 0.0 0.27336868873771747
17820.0 0.0 0.0 0.0 0.0 0.2717240024187454
17830.0 0.0 0.0 0.0 0.0 0.27007931609977337
17840.0 0.0 0.0 0.0 0.0 0.2684346297808013
17850.0 0.0 0.0 0.0 0.0 0.2667899434618292
17860.0 0.0 0.0 0.0 0.0 0.26514525714285714
17870.0 0.0 0.0 0.0 0.0 0.26350057082388506
17880.0 0.0 0.0 0.0 0.0 0.261855884504913
17890.0 0.0 0.0 0.0 0.0 0.2602111981859409
17900.0 0.0 0.0 0.0 0.0 0.2585665118669689
17910.0 0.0 0.0 0.0 0.0 0.2569218255479968
17920.0 0.0 0.0 0.0 0.0 0.25527713922902473
17930.0 0.0 0.0 0.0 0.0 0.25363245291005265
17940.0 0.0 0.0 0.0 0.0 0.25198776659108063
17950.0 0.0 0.0 0.0 0.0 0.25034308027210855
17960.0 0.0 0.0 0.0 0.0 0.24869839395313648
17970.0 0.0 0.0 0.0 0.0 0.24705370763416445
17980.0 0.0 0.0 0.0 0.0 0.24540902131519238
17990.0 0.0 0.0 0.0 0.0 0.2437643349962203
18000.0 0.0 0.0 0.0 0.0 0.24211964867724822
18010.0 0.0 0.0 0.0 0.0 0.0
18020.0 0.0 0.0 0.0 0.0 0.0
18030.0 0.0 0.0 0.0 0.0 0.0
18040.0 0.0 0.0 0.0 0.0 0.0
18050.0 0.0 0.0 0.0 0.0 0.0
18060.0 0.0 0.0 0.0 0.0 0.0
18070.0 0.0 0.0 0.0 0.0 0.0
18080.0 0.0 0.0 0.0 0.0 0.0
18090.0 0.0 0.0 0.0 0.0 0.0
18100.0 0.0 0.0 0.0 0.0 0.0
18110.0 0.0 0.0 0.0 0.0 0.0
18120.0 0.0 0.0 0.0 0.0 0.0
18130.0 0.0 0.0 0.0 0.0 0.0
18140.0 0.0 0.0 0.0 0.0 0.0
18150.0 0.0 0.0 0.0 0.0 0.0
18160.0 0.0 0.0 0.0 0.0 0.0
18170.0 0.0 0.0 0.0 0.0 0.0
18180.0 0.0 0.0 0.0 0.0 0.0
18190.0 0.0 0.0 0.0 0.0 0.0
18200.0 0.0 0.0 0.0 0.0 0.0
18210.0 0.0 0.0 0.0 0.0 0.0
18220.0 0.0 0.0 0.0 0.0 0.0
18230.0 0.0 0.0 0.0 0.0 0.0
18240.0 0.0 0.0 0.0 0.0 0.0
18250.0 0.0 0.0 0.0 0.0 0.0
18260.0 0.0 0.0 0.0 0.0 0.0
18270.0 0.0 0.0 0.0 0.0 0.0
18280.0 0.0 0.0 0.0 0.0 0.0
18290.0 0.0 0.0 0.0 0.0 0.0
18300.0 0.0 0.0 0.0 0.0 0.0
18310.0 0.0 0.0 0.0 0.0 0.0
18320.0 0.0 0.0 0.0 0.0 0.0
18330.0 0.0 0.0 0.0 0.0 0.0
18340.0 0.0 0.0 0.0 0.0 0.0
18350.0 0.0 0.0 0.0 0.0 0.0
18360.0 0.0 0.0 0.0 0.0 0.0
18370.0 0.0 0.0 0.0 0.0 0.0
18380.0 0.0 0.0 0.0 0.0 0.0
18390.0 0.0 0.0 0.0 0.0 0.0
18400.0 0.0 0.0 0.0 0.0 0.0
18410.0 0.0 0.0 0.0 0.0 0.0
18420.0 0.0 0.0 0.0 0.0 0.0
18430.0 0.0 0.0 0.0 0.0 0.0
18440.0 0.0 0.0 0.0 0.0 0.0
18450.0 0.0 0.0 0.0 0.0 0.0
18460.0 0.0 0.0 0.0 0.0 0.0
18470.0 0.0 0.0 0.0 0.0 0.0
18480.0 0.0 0.0 0.0 0.0 0.0
18490.0 0.0 0.0 0.0 0.0 0.0
